0 0.00031446
10 0.00031188
20 0.00036944
30 0.00035638
40 0.00032796
50 0.00036382
60 0.00042252
70 0.00037674
80 0.00052304
90 0.00048702
100 0.00039148
110 0.00046254
120 0.00051034
130 0.00038998
140 0.00043046
150 0.00049648
160 0.00056164
170 0.00041342
180 0.00051806
190 0.00042256
200 0.0005326
210 0.00056266
220 0.0005562
230 0.00061404
240 0.00051152
250 0.00051352
260 0.0005321
270 0.00052944
280 0.00061338
290 0.0005573
300 0.00062154
310 0.00067544
320 0.00060554
330 0.00060066
340 0.00058938
350 0.00055164
360 0.00060636
370 0.00062744
380 0.00064836
390 0.0005935
400 0.00051306
410 0.00060356
420 0.00055026
430 0.00050426
440 0.0005502
450 0.0005796
460 0.00052786
470 0.00048216
480 0.00048496
490 0.00048762
500 0.00047902
510 0.00049192
520 0.0006948
530 0.00051346
540 0.00046646
550 0.00049774
560 0.00056926
570 0.0006161
580 0.00053842
590 0.00050298
600 0.00044216
610 0.00044732
620 0.00046754
630 0.0004757
640 0.00045392
650 0.00047598
660 0.00053914
670 0.00052948
680 0.0005048
690 0.00057908
700 0.00051078
710 0.00044146
720 0.0005148
730 0.00065464
740 0.00053698
750 0.00050608
760 0.00050634
770 0.0004433
780 0.00049678
790 0.00046384
800 0.00050356
810 0.00047002
820 0.00048158
830 0.0005024
840 0.000487
850 0.00053088
860 0.00054176
870 0.00052908
880 0.00045932
890 0.00052148
900 0.00046654
910 0.00050318
920 0.00056276
930 0.00049002
940 0.00045414
950 0.00048022
960 0.00045364
970 0.0005461
980 0.0004838
990 0.00047514
1000 0.00049404
1010 0.00047276
1020 0.0004739
1030 0.00054688
1040 0.00049608
1050 0.00050136
1060 0.0004978
1070 0.00053974
1080 0.00051224
1090 0.00051252
1100 0.0005972
1110 0.00049106
1120 0.00046238
1130 0.00047898
1140 0.0005031
1150 0.00062384
1160 0.00049556
1170 0.00055052
1180 0.00097098
1190 0.00082126
1200 0.00079526
1210 0.00057018
1220 0.00050918
1230 0.00047006
1240 0.00048904
1250 0.0005394
1260 0.00053026
1270 0.0005027
1280 0.0004927
1290 0.0005228
1300 0.00047692
1310 0.00054948
1320 0.00054598
1330 0.00050212
1340 0.00048804
1350 0.0005113
1360 0.00051574
1370 0.00051314
1380 0.00056506
1390 0.00059344
1400 0.00055296
1410 0.00065542
1420 0.00085952
1430 0.00065402
1440 0.000584
1450 0.00053266
1460 0.00055428
1470 0.00055682
1480 0.00051046
1490 0.00053522
1500 0.00064454
1510 0.00153452
1520 0.00069778
1530 0.0005511
1540 0.00050526
1550 0.00048682
1560 0.00048838
1570 0.0006792
1580 0.00051486
1590 0.0005054
1600 0.00058216
1610 0.00050664
1620 0.00054614
1630 0.00057266
1640 0.00059426
1650 0.00053092
1660 0.0005175
1670 0.00062868
1680 0.00055864
1690 0.00063376
1700 0.00051984
1710 0.00055376
1720 0.00052854
1730 0.000807
1740 0.00056558
1750 0.00057258
1760 0.00060952
1770 0.0007059
1780 0.0006592
1790 0.00066026
1800 0.0005839
1810 0.00061664
1820 0.00073442
1830 0.00059014
1840 0.00052226
1850 0.00053562
1860 0.0005734
1870 0.00074078
1880 0.00062068
1890 0.00062652
1900 0.00082878
1910 0.00080828
1920 0.000633
1930 0.00070892
1940 0.00064856
1950 0.0006121
1960 0.00072454
1970 0.00057326
1980 0.00057106
1990 0.00053638
2000 0.00056776
2010 0.00062168
2020 0.00059846
2030 0.00053806
2040 0.00054002
2050 0.0005311
2060 0.00060504
2070 0.00058172
2080 0.0006455
2090 0.00058044
2100 0.00060974
2110 0.00066928
2120 0.00059448
2130 0.0005327
2140 0.00061966
2150 0.0005316
2160 0.00062424
2170 0.0005641
2180 0.000536
2190 0.00048828
2200 0.00048986
2210 0.00050066
2220 0.0005358
2230 0.00047756
2240 0.00050006
2250 0.00049388
2260 0.00048866
2270 0.00050818
2280 0.0006429
2290 0.00056998
2300 0.00052352
2310 0.0004871
2320 0.0005112
2330 0.0005636
2340 0.00048974
2350 0.00049034
2360 0.00052414
2370 0.00050682
2380 0.00051084
2390 0.0005725
2400 0.00052686
2410 0.00058226
2420 0.00049784
2430 0.00050152
2440 0.00056388
2450 0.00051102
2460 0.0005197
2470 0.00049768
2480 0.00055548
2490 0.00049082
2500 0.00057052
2510 0.00052332
2520 0.00047846
2530 0.00049604
2540 0.00047592
2550 0.00052768
2560 0.00056412
2570 0.00049412
2580 0.00053468
2590 0.00052126
2600 0.00049554
2610 0.0006513
2620 0.00054042
2630 0.0005504
2640 0.00053454
2650 0.00051146
2660 0.00058564
2670 0.0005931
2680 0.00057428
2690 0.00054744
2700 0.00057548
2710 0.00060432
2720 0.00056708
2730 0.00056178
2740 0.00050976
2750 0.00050036
2760 0.00057348
2770 0.00061492
2780 0.00055788
2790 0.00058978
2800 0.00066132
2810 0.00059798
2820 0.00061358
2830 0.00058352
2840 0.00058558
2850 0.0005958
2860 0.00069614
2870 0.00057358
2880 0.00061518
2890 0.00069116
2900 0.00057456
2910 0.00059576
2920 0.0005884
2930 0.00058378
2940 0.00063852
2950 0.00062296
2960 0.0005623
2970 0.00059004
2980 0.00055406
2990 0.0005484
3000 0.00057238
3010 0.00055066
3020 0.0006363
3030 0.0005819
3040 0.00052566
3050 0.00060348
3060 0.00058852
3070 0.0005889
3080 0.000577
3090 0.00053898
3100 0.00051992
3110 0.00054154
3120 0.00050412
3130 0.00057962
3140 0.00057286
3150 0.00055532
3160 0.0005155
3170 0.0005282
3180 0.00060798
3190 0.00056028
3200 0.00054174
3210 0.00054956
3220 0.00051766
3230 0.00051396
3240 0.00056592
3250 0.00052664
3260 0.00051982
3270 0.00052166
3280 0.00052546
3290 0.00059776
3300 0.00051912
3310 0.0004978
3320 0.00051824
3330 0.0005631
3340 0.00055188
3350 0.00059592
3360 0.0005221
3370 0.00050782
3380 0.0005169
3390 0.00052236
3400 0.000608
3410 0.00056542
3420 0.0005281
3430 0.00050536
3440 0.00050484
3450 0.00053568
3460 0.00058636
3470 0.00056984
3480 0.00054282
3490 0.0005163
3500 0.00053154
3510 0.00059622
3520 0.00053296
3530 0.00051656
3540 0.00052898
3550 0.0005309
3560 0.0005326
3570 0.00060296
3580 0.00052264
3590 0.0005367
3600 0.0005064
3610 0.00050338
3620 0.00059934
3630 0.0005685
3640 0.00056568
3650 0.00054762
3660 0.00057334
3670 0.00054502
3680 0.00062324
3690 0.00057446
3700 0.00055436
3710 0.00056854
3720 0.00058192
3730 0.0007095
3740 0.00060246
3750 0.00060972
3760 0.00056652
3770 0.0005168
3780 0.00063732
3790 0.00052874
3800 0.00052148
3810 0.00060546
3820 0.00053358
3830 0.00056858
3840 0.00055466
3850 0.00055034
3860 0.00054928
3870 0.00054366
3880 0.00058664
3890 0.00065118
3900 0.00065904
3910 0.00064144
3920 0.00069042
3930 0.00067104
3940 0.00058142
3950 0.0005402
3960 0.00052994
3970 0.00051
3980 0.0005495
3990 0.00064392
4000 0.00054406
4010 0.00053488
4020 0.0006157
4030 0.00060134
4040 0.00065656
4050 0.0006424
4060 0.00061516
4070 0.00069546
4080 0.0006574
4090 0.00068592
4100 0.0007107
4110 0.00063732
4120 0.00063646
4130 0.00075936
4140 0.00067846
4150 0.00054072
4160 0.00053884
4170 0.00055622
4180 0.00054786
4190 0.00089376
4200 0.00092322
4210 0.00077232
4220 0.0006769
4230 0.00081428
4240 0.00061832
4250 0.00059872
4260 0.00056014
4270 0.00056954
4280 0.0006563
4290 0.00059806
4300 0.0005804
4310 0.00053556
4320 0.00067564
4330 0.00071546
4340 0.00057572
4350 0.00063038
4360 0.00065064
4370 0.00077818
4380 0.00074862
4390 0.0007069
4400 0.00245082
4410 0.0009908
4420 0.000789
4430 0.00076874
4440 0.0006774
4450 0.0007522
4460 0.00073888
4470 0.00062296
4480 0.0006239
4490 0.00079192
4500 0.00073682
4510 0.00076246
4520 0.00076574
4530 0.00068018
4540 0.00077438
4550 0.00093924
4560 0.00095018
4570 0.00076598
4580 0.00072216
4590 0.00078434
4600 0.00080828
4610 0.00066692
4620 0.00099334
4630 0.00080766
4640 0.00068112
4650 0.0005686
4660 0.00060592
4670 0.00064152
4680 0.0006049
4690 0.0006342
4700 0.0005726
4710 0.0005985
4720 0.00065654
4730 0.00081126
4740 0.00086526
4750 0.00076214
4760 0.00078166
4770 0.00082224
4780 0.00078926
4790 0.00078006
4800 0.00066612
4810 0.00057868
4820 0.00061742
4830 0.00066726
4840 0.00055432
4850 0.00055624
4860 0.00055284
4870 0.0005283
4880 0.00065492
4890 0.00061266
4900 0.00054
4910 0.00063132
4920 0.00062256
4930 0.00064112
4940 0.00055988
4950 0.00060982
4960 0.00055864
4970 0.0005945
4980 0.00076468
4990 0.0006754
5000 0.0006704
5010 0.00069966
5020 0.00076438
5030 0.00067
5040 0.00069142
5050 0.00061722
5060 0.00067346
5070 0.00078112
5080 0.00060928
5090 0.0006242
5100 0.00063418
5110 0.00067526
5120 0.00076586
5130 0.00063684
5140 0.00060458
5150 0.00069084
5160 0.0006227
5170 0.00066482
5180 0.00062258
5190 0.0006351
5200 0.00057056
5210 0.00063874
5220 0.0006879
5230 0.000606
5240 0.00070814
5250 0.00058986
5260 0.000578
5270 0.00073038
5280 0.00062146
5290 0.00063018
5300 0.00067964
5310 0.00062718
5320 0.00065998
5330 0.00060864
5340 0.00068942
5350 0.0005998
5360 0.00074034
5370 0.00060776
5380 0.00060614
5390 0.00069228
5400 0.00062104
5410 0.00069208
5420 0.00070212
5430 0.00058848
5440 0.00058836
5450 0.0006007
5460 0.00068562
5470 0.00085202
5480 0.00073362
5490 0.0006394
5500 0.00059272
5510 0.00073532
5520 0.00060818
5530 0.00065486
5540 0.00060008
5550 0.00064012
5560 0.0006901
5570 0.00063176
5580 0.00060748
5590 0.00075522
5600 0.0006882
5610 0.000649
5620 0.00067684
5630 0.00067246
5640 0.00062808
5650 0.00071118
5660 0.00065676
5670 0.00062052
5680 0.00060274
5690 0.00067982
5700 0.00072986
5710 0.00071102
5720 0.00066968
5730 0.00062922
5740 0.00064942
5750 0.0006786
5760 0.00066576
5770 0.00064684
5780 0.00060904
5790 0.0006737
5800 0.00097354
5810 0.00068446
5820 0.00067428
5830 0.00062328
5840 0.00070256
5850 0.00062404
5860 0.00067042
5870 0.00060896
5880 0.00069316
5890 0.00068714
5900 0.00064242
5910 0.00062736
5920 0.0006149
5930 0.00070954
5940 0.00067828
5950 0.0006212
5960 0.00061478
5970 0.00066166
5980 0.00067382
5990 0.00068566
6000 0.00061932
6010 0.00059558
6020 0.00064582
6030 0.00068564
6040 0.00063442
6050 0.00068082
6060 0.00061138
6070 0.0006571
6080 0.00069032
6090 0.00061314
6100 0.0006582
6110 0.0007123
6120 0.00069258
6130 0.00077558
6140 0.00060822
6150 0.00064824
6160 0.0006229
6170 0.0007126
6180 0.00064514
6190 0.00061108
6200 0.0006136
6210 0.0005992
6220 0.00073342
6230 0.00066764
6240 0.00059322
6250 0.00064618
6260 0.00061272
6270 0.00071378
6280 0.0006919
6290 0.00060832
6300 0.00062466
6310 0.00066478
6320 0.0007018
6330 0.00068006
6340 0.00098358
6350 0.00068412
6360 0.0007485
6370 0.0006923
6380 0.00063714
6390 0.00070816
6400 0.00065784
6410 0.00073494
6420 0.00059224
6430 0.0005653
6440 0.00057574
6450 0.00065504
6460 0.00066086
6470 0.0006538
6480 0.00058838
6490 0.0005895
6500 0.00056556
6510 0.00072588
6520 0.00055444
6530 0.00058244
6540 0.0005722
6550 0.00059228
6560 0.00064706
6570 0.00071988
6580 0.00061106
6590 0.00061454
6600 0.00063042
6610 0.00063036
6620 0.00059334
6630 0.00062944
6640 0.00065162
6650 0.00076778
6660 0.00062718
6670 0.00059604
6680 0.0005826
6690 0.000695
6700 0.00079272
6710 0.00068684
6720 0.00076672
6730 0.00066722
6740 0.00079446
6750 0.0008523
6760 0.00068408
6770 0.00073784
6780 0.0006246
6790 0.0006225
6800 0.0007978
6810 0.00065464
6820 0.0006261
6830 0.0006053
6840 0.00072442
6850 0.00077428
6860 0.0006476
6870 0.00076208
6880 0.00076148
6890 0.00087554
6900 0.00074486
6910 0.00075912
6920 0.00070958
6930 0.00082172
6940 0.00079622
6950 0.0007639
6960 0.00068734
6970 0.00066756
6980 0.00072994
6990 0.00071632
7000 0.0005948
7010 0.00057306
7020 0.0006636
7030 0.00071478
7040 0.00080398
7050 0.00067296
7060 0.00057704
7070 0.00071686
7080 0.00069036
7090 0.00058708
7100 0.00063492
7110 0.00058648
7120 0.00065384
7130 0.00064756
7140 0.00058214
7150 0.00057686
7160 0.0005982
7170 0.00064618
7180 0.00062976
7190 0.00059074
7200 0.00057096
7210 0.00057558
7220 0.0005944
7230 0.0006419
7240 0.00064964
7250 0.0005766
7260 0.00057958
7270 0.00066458
7280 0.00061756
7290 0.00059442
7300 0.00057686
7310 0.00057244
7320 0.00067488
7330 0.00058494
7340 0.00059898
7350 0.00060722
7360 0.00067382
7370 0.0006943
7380 0.0006483
7390 0.00061738
7400 0.0006529
7410 0.00068358
7420 0.00074572
7430 0.0006677
7440 0.000683
7450 0.000795
7460 0.00079478
7470 0.00091436
7480 0.0007424
7490 0.00063058
7500 0.00071158
7510 0.0007358
7520 0.00065722
7530 0.00068022
7540 0.00068128
7550 0.0006467
7560 0.00074322
7570 0.0006148
7580 0.00063854
7590 0.00060892
7600 0.00066576
7610 0.00067718
7620 0.00063798
7630 0.00070402
7640 0.00058456
7650 0.0006063
7660 0.00070648
7670 0.00061504
7680 0.00059078
7690 0.00060516
7700 0.00058024
7710 0.00068876
7720 0.00063414
7730 0.00061228
7740 0.00072198
7750 0.0005748
7760 0.00077058
7770 0.00060636
7780 0.0005936
7790 0.00058196
7800 0.00066998
7810 0.00087866
7820 0.00061774
7830 0.0006357
7840 0.00058408
7850 0.00062294
7860 0.0007048
7870 0.00061436
7880 0.000605
7890 0.00064214
7900 0.00065788
7910 0.00064058
7920 0.00060008
7930 0.00059036
7940 0.00058996
7950 0.00075538
7960 0.00104018
7970 0.00123484
7980 0.00086634
7990 0.00078138
8000 0.00068794
8010 0.00057614
8020 0.00060712
8030 0.0006729
8040 0.00067918
8050 0.00061112
8060 0.0005956
8070 0.0005993
8080 0.00056218
8090 0.00074806
8100 0.00060428
8110 0.00054328
8120 0.0005737
8130 0.00054082
8140 0.0006683
8150 0.00057094
8160 0.00056796
8170 0.0006814
8180 0.0010177
8190 0.00142812
8200 0.00075238
8210 0.00066672
8220 0.00060982
8230 0.00070902
8240 0.00061924
8250 0.00060306
8260 0.00058804
8270 0.00059416
8280 0.00065654
8290 0.00063264
8300 0.00067202
8310 0.0009254
8320 0.00125118
8330 0.00096658
8340 0.00074216
8350 0.00062768
8360 0.00058864
8370 0.00068248
8380 0.00059502
8390 0.00064168
8400 0.00059342
8410 0.0005987
8420 0.0007976
8430 0.00072554
8440 0.00060182
8450 0.00056954
8460 0.00062292
8470 0.00082104
8480 0.00059752
8490 0.00060612
8500 0.00055678
8510 0.00070242
8520 0.00066596
8530 0.00057156
8540 0.0005998
8550 0.00055858
8560 0.00072508
8570 0.00103652
8580 0.00129966
8590 0.00074108
8600 0.00078752
8610 0.0006143
8620 0.00058442
8630 0.00058314
8640 0.00059666
8650 0.0007225
8660 0.00068154
8670 0.00061884
8680 0.00062532
8690 0.00087588
8700 0.00077448
8710 0.00072716
8720 0.00070426
8730 0.00065468
8740 0.00084954
8750 0.0006296
8760 0.0006466
8770 0.0007493
8780 0.00093134
8790 0.0007542
8800 0.00067618
8810 0.00065094
8820 0.00080772
8830 0.00079424
8840 0.00064482
8850 0.00071676
8860 0.00061654
8870 0.00071096
8880 0.00070676
8890 0.00069056
8900 0.0007858
8910 0.00066758
8920 0.00066626
8930 0.00081416
8940 0.00069596
8950 0.0009968
8960 0.00097916
8970 0.00106998
8980 0.0007216
8990 0.00070564
9000 0.00082782
9010 0.00073052
9020 0.00067652
9030 0.00060242
9040 0.00061936
9050 0.00077994
9060 0.00065776
9070 0.00070246
9080 0.0008171
9090 0.00100884
9100 0.00081114
9110 0.00075
9120 0.000738
9130 0.0008285
9140 0.0007926
9150 0.00079834
9160 0.0006884
9170 0.0006783
9180 0.00075782
9190 0.00074884
9200 0.00066022
9210 0.00060412
9220 0.0008712
9230 0.0008206
9240 0.00077176
9250 0.00075462
9260 0.00079338
9270 0.00074914
9280 0.00079216
9290 0.0009776
9300 0.00086884
9310 0.00086736
9320 0.00080062
9330 0.0007245
9340 0.00066496
9350 0.00083084
9360 0.0010129
9370 0.00080656
9380 0.0007179
9390 0.00091142
9400 0.00075934
9410 0.00081126
9420 0.00077952
9430 0.00075342
9440 0.00078818
9450 0.00069268
9460 0.00064408
9470 0.0006212
9480 0.0007171
9490 0.00064982
9500 0.00070402
9510 0.00065142
9520 0.0007023
9530 0.00086532
9540 0.00069932
9550 0.00079496
9560 0.0007203
9570 0.00081098
9580 0.00071962
9590 0.00069614
9600 0.00068956
9610 0.00071502
9620 0.0007631
9630 0.00068362
9640 0.00066664
9650 0.00066952
9660 0.00065262
9670 0.00079926
9680 0.0006779
9690 0.00063802
9700 0.00065336
9710 0.0007689
9720 0.00074792
9730 0.00065978
9740 0.00067928
9750 0.00078532
9760 0.00096538
9770 0.00073156
9780 0.000749
9790 0.00078778
9800 0.00081482
9810 0.00067982
9820 0.00071742
9830 0.00078126
9840 0.00073348
9850 0.0007155
9860 0.0006761
9870 0.00070316
9880 0.00089676
9890 0.0008263
9900 0.00067862
9910 0.00076514
9920 0.00071512
9930 0.00083322
9940 0.00071556
9950 0.0006795
9960 0.00068666
9970 0.00071802
9980 0.00096782
9990 0.00076368
10000 0.00072224
