0 0.00069436
1000 0.0006333
2000 0.00061154
3000 0.00065014
4000 0.00069028
5000 0.00070672
6000 0.00066446
7000 0.00063192
8000 0.00068234
9000 0.0006873
10000 0.00079056
11000 0.00067806
12000 0.0007363
13000 0.00070304
14000 0.00088426
15000 0.00075472
16000 0.0007317
17000 0.00084586
18000 0.00086348
19000 0.00082478
20000 0.00082378
21000 0.00114484
22000 0.0009724
23000 0.0008302
24000 0.00076872
25000 0.0008686
26000 0.00080356
27000 0.00096276
28000 0.0008132
29000 0.00092892
30000 0.00084724
31000 0.0009058
32000 0.00099766
33000 0.00100494
34000 0.00097984
35000 0.00089888
36000 0.00092232
37000 0.00085142
38000 0.00077998
39000 0.00103336
40000 0.0008798
41000 0.00080122
42000 0.00085166
43000 0.00108638
44000 0.00115704
45000 0.00108596
46000 0.00109162
47000 0.00110738
48000 0.00091438
49000 0.00088936
50000 0.00085138
51000 0.0008032
52000 0.00092474
53000 0.00090104
54000 0.0008789
55000 0.0009641
56000 0.00091126
57000 0.00169822
58000 0.0011314
59000 0.00143746
60000 0.00136782
61000 0.00108842
62000 0.00130944
63000 0.0011338
64000 0.00101712
65000 0.00102554
66000 0.0008695
67000 0.00097756
68000 0.00088588
69000 0.00099882
70000 0.00082488
71000 0.00088182
72000 0.00100024
73000 0.00089998
74000 0.00082294
75000 0.00093986
76000 0.00093204
77000 0.00084556
78000 0.00085234
79000 0.001013
80000 0.00092588
81000 0.0008557
82000 0.000954
83000 0.00086532
84000 0.00094758
85000 0.00100496
86000 0.00107064
87000 0.00081596
88000 0.00097684
89000 0.00090986
90000 0.0008517
91000 0.00077964
92000 0.00112662
93000 0.00083986
94000 0.00088792
95000 0.00096062
96000 0.00087672
97000 0.00086234
98000 0.00085158
99000 0.00095694
100000 0.00113898
101000 0.00093354
102000 0.00100284
103000 0.00121946
104000 0.0013782
105000 0.0010451
106000 0.00113156
107000 0.00113954
108000 0.00153948
109000 0.00097684
110000 0.0010651
111000 0.0010437
112000 0.00097282
113000 0.00107932
114000 0.0010335
115000 0.00125538
116000 0.00129472
117000 0.0014834
118000 0.00129628
119000 0.00130684
120000 0.00118066
121000 0.00109176
122000 0.0010791
123000 0.00103776
124000 0.00128718
125000 0.00127644
126000 0.00123762
127000 0.00122038
128000 0.00124518
129000 0.00105664
130000 0.0011484
131000 0.00117776
132000 0.0010137
133000 0.00133642
134000 0.00112844
135000 0.0010367
136000 0.00114614
137000 0.00123206
138000 0.00109544
139000 0.00134566
140000 0.00118116
141000 0.00136616
142000 0.00145266
143000 0.00141938
144000 0.00182308
145000 0.00094188
146000 0.00085868
147000 0.0008869
148000 0.00098028
149000 0.00102288
150000 0.00096058
151000 0.00096986
152000 0.00093402
153000 0.00083486
154000 0.00105682
155000 0.00087032
156000 0.0009024
157000 0.00099266
158000 0.00100898
159000 0.00094898
160000 0.00092598
161000 0.00086284
162000 0.0008089
163000 0.00091414
164000 0.00090018
165000 0.00086404
166000 0.00172322
167000 0.00190382
168000 0.0011979
169000 0.0012755
170000 0.00121586
171000 0.0012406
172000 0.0008734
173000 0.0008797
174000 0.00091204
175000 0.00103884
176000 0.00092246
177000 0.00105646
178000 0.00107646
179000 0.00100366
180000 0.0009748
181000 0.0010683
182000 0.0010958
183000 0.00132062
184000 0.00130112
185000 0.0009851
186000 0.00115264
187000 0.00098818
188000 0.00091904
189000 0.00100768
190000 0.00086514
191000 0.000889
192000 0.00100594
193000 0.00110596
194000 0.00114014
195000 0.00115296
196000 0.0009576
197000 0.00089674
198000 0.00104716
199000 0.0009909
200000 0.00088074
201000 0.00100792
202000 0.00090704
203000 0.00092352
204000 0.00121638
205000 0.00124948
206000 0.00146278
207000 0.00124334
208000 0.00086544
209000 0.00099014
210000 0.00095078
211000 0.00088156
212000 0.00099744
213000 0.0009679
214000 0.00088048
215000 0.00107182
216000 0.00087252
217000 0.0008471
218000 0.00095012
219000 0.00092656
220000 0.0008525
221000 0.00092812
222000 0.0009611
223000 0.00089684
224000 0.00095218
225000 0.00091272
226000 0.00091944
227000 0.00091314
228000 0.00101794
229000 0.00103392
230000 0.00089164
231000 0.0008808
232000 0.00086128
233000 0.00088626
234000 0.00093558
235000 0.00085846
236000 0.00088802
237000 0.00101616
238000 0.00085706
239000 0.00085442
240000 0.00099972
241000 0.00090352
242000 0.00088924
243000 0.00097742
244000 0.00094538
245000 0.00090286
246000 0.00095228
247000 0.00086248
248000 0.00088614
249000 0.00107558
250000 0.0009046
251000 0.00087562
252000 0.0009851
253000 0.00088784
254000 0.00090838
255000 0.00096698
256000 0.00087324
257000 0.00086882
258000 0.00095218
259000 0.00109216
260000 0.00086148
261000 0.00101756
262000 0.00093768
263000 0.00088742
264000 0.0010128
265000 0.0009088
266000 0.00091312
267000 0.00093974
268000 0.00090326
269000 0.000915
270000 0.00100202
271000 0.00092948
272000 0.00086114
273000 0.00105122
274000 0.0009164
275000 0.00088166
276000 0.00099268
277000 0.0009121
278000 0.0008939
279000 0.00106492
280000 0.00102256
281000 0.00089644
282000 0.001039
283000 0.00086762
284000 0.00100446
285000 0.00115616
286000 0.00087578
287000 0.00085506
288000 0.00099268
289000 0.00090184
290000 0.0008999
291000 0.00097714
292000 0.00092136
293000 0.00090334
294000 0.0009931
295000 0.00094766
296000 0.00089788
297000 0.0009872
298000 0.00090188
299000 0.00085982
300000 0.0010465
301000 0.00089102
302000 0.00110816
303000 0.00094566
304000 0.00090386
305000 0.0008663
306000 0.00097272
307000 0.00093254
308000 0.0008391
309000 0.00102586
310000 0.00085836
311000 0.00086618
312000 0.00097552
313000 0.00086834
314000 0.00085122
315000 0.0009387
316000 0.00086356
317000 0.00098206
318000 0.00093132
319000 0.00088694
320000 0.00092256
321000 0.00113696
322000 0.00118098
323000 0.00095804
324000 0.00086466
325000 0.00086674
326000 0.00096178
327000 0.00088088
328000 0.00090468
329000 0.00102022
330000 0.00094048
331000 0.00094804
332000 0.00100272
333000 0.000898
334000 0.0008909
335000 0.00101048
336000 0.00088712
337000 0.00089734
338000 0.00095458
339000 0.00090236
340000 0.00088966
341000 0.00108406
342000 0.00087762
343000 0.0008361
344000 0.00109026
345000 0.0009253
346000 0.00102408
347000 0.00099086
348000 0.00086034
349000 0.00106394
350000 0.0008831
351000 0.00092
352000 0.00097278
353000 0.00092926
354000 0.00095582
355000 0.000984
356000 0.00090666
357000 0.000878
358000 0.00098076
359000 0.00090284
360000 0.0009764
361000 0.0011465
362000 0.0012545
363000 0.00121204
364000 0.00109728
365000 0.00130194
366000 0.00127154
367000 0.00114538
368000 0.00105226
369000 0.00090476
370000 0.0009595
371000 0.00102264
372000 0.00105276
373000 0.00093146
374000 0.00095394
375000 0.00090432
376000 0.00090604
377000 0.00105228
378000 0.00090328
379000 0.00088826
380000 0.00110732
381000 0.0009388
382000 0.0009045
383000 0.0012703
384000 0.00094948
385000 0.00098692
386000 0.00092506
387000 0.00099054
388000 0.00100578
389000 0.00107274
390000 0.00119766
391000 0.00105526
392000 0.00096048
393000 0.00095534
394000 0.00094048
395000 0.00096588
396000 0.00105726
397000 0.00096924
398000 0.00089562
399000 0.00101436
400000 0.00133896
401000 0.00137808
402000 0.00127758
403000 0.00094774
404000 0.0009062
405000 0.00100942
406000 0.00090656
407000 0.00096954
408000 0.00098778
409000 0.00087688
410000 0.00096844
411000 0.00089934
412000 0.00088226
413000 0.00103086
414000 0.00094366
415000 0.00097744
416000 0.0009673
417000 0.00088574
418000 0.00091134
419000 0.0011238
420000 0.00093178
421000 0.00090214
422000 0.00102348
423000 0.0008941
424000 0.00090766
425000 0.00095492
426000 0.0009091
427000 0.00088458
428000 0.00099422
429000 0.00098096
430000 0.00094568
431000 0.0009757
432000 0.00092378
433000 0.00125004
434000 0.00091462
435000 0.00090632
436000 0.00095254
437000 0.00090118
438000 0.00093698
439000 0.00118844
440000 0.00105456
441000 0.00092702
442000 0.00107386
443000 0.00089672
444000 0.0009315
445000 0.00096718
446000 0.00087928
447000 0.00092088
448000 0.00094182
449000 0.00089444
450000 0.00096662
451000 0.00093388
452000 0.00090026
453000 0.0009889
454000 0.00092786
455000 0.00090358
456000 0.00101536
457000 0.00093752
458000 0.0009103
459000 0.00108642
460000 0.00092324
461000 0.00088288
462000 0.00099306
463000 0.00089632
464000 0.00089928
465000 0.00098106
466000 0.0009055
467000 0.00092034
468000 0.00102126
469000 0.00089876
470000 0.00090854
471000 0.00102746
472000 0.00093032
473000 0.0010167
474000 0.00098204
475000 0.00090416
476000 0.00097348
477000 0.00089398
478000 0.00089214
479000 0.00105822
480000 0.00089342
481000 0.00090278
482000 0.00100144
483000 0.00089692
484000 0.00094322
485000 0.00101364
486000 0.00090666
487000 0.00089276
488000 0.0010089
489000 0.00089768
490000 0.00092724
491000 0.00094504
492000 0.0008981
493000 0.00096288
494000 0.00094056
495000 0.00089422
496000 0.00101708
497000 0.00101098
498000 0.00093642
499000 0.0010811
500000 0.00090676
501000 0.00092924
502000 0.00102352
503000 0.00097302
504000 0.00104092
505000 0.00090326
506000 0.0009233
507000 0.00104214
508000 0.00092614
509000 0.00108514
510000 0.00107972
511000 0.00092386
512000 0.00100188
513000 0.00096216
514000 0.00089886
515000 0.00092846
516000 0.00096336
517000 0.00096288
518000 0.00101738
519000 0.00089626
520000 0.00088234
521000 0.0009863
522000 0.00088554
523000 0.000882
524000 0.00104868
525000 0.00088584
526000 0.0010683
527000 0.00091272
528000 0.00093906
529000 0.0010337
530000 0.00107738
531000 0.00128534
532000 0.00115786
533000 0.00136456
534000 0.0012346
535000 0.00105892
536000 0.00111186
537000 0.0015392
538000 0.00119634
539000 0.00113402
540000 0.0010772
541000 0.00104464
542000 0.00103026
543000 0.0009675
544000 0.00097038
545000 0.00103004
546000 0.0009156
547000 0.00114686
548000 0.00098496
549000 0.00091932
550000 0.00101592
551000 0.00097458
552000 0.000887
553000 0.00098296
554000 0.00089508
555000 0.0009624
556000 0.00103164
557000 0.00090558
558000 0.00097384
559000 0.00097916
560000 0.00088822
561000 0.0009986
562000 0.00091112
563000 0.0009357
564000 0.00097698
565000 0.00098906
566000 0.00092718
567000 0.00094832
568000 0.00091666
569000 0.0009419
570000 0.00095794
571000 0.0008863
572000 0.00099448
573000 0.00090074
574000 0.00089118
575000 0.00110276
576000 0.00124628
577000 0.00118416
578000 0.00103406
579000 0.00089848
580000 0.00100934
581000 0.00086798
582000 0.00088498
583000 0.000993
584000 0.00090174
585000 0.00090846
586000 0.00106872
587000 0.00090244
588000 0.00092672
589000 0.00100068
590000 0.00094044
591000 0.000957
592000 0.00107116
593000 0.00094146
594000 0.00122064
595000 0.00093882
596000 0.0009107
597000 0.00100044
598000 0.00094228
599000 0.00101398
600000 0.00091368
601000 0.00091486
602000 0.00099166
603000 0.00093534
604000 0.00094658
605000 0.00106066
606000 0.0009233
607000 0.0009656
608000 0.00096004
609000 0.00092358
610000 0.00098118
611000 0.0009346
612000 0.00092156
613000 0.00105202
614000 0.0009439
615000 0.00092962
616000 0.00104672
617000 0.00091424
618000 0.00094078
619000 0.00119274
620000 0.00102982
621000 0.00110658
622000 0.00106236
623000 0.00104152
624000 0.00105082
625000 0.00094498
626000 0.00092552
627000 0.0010374
628000 0.00091996
629000 0.00108282
630000 0.0010603
631000 0.00101304
632000 0.00129798
633000 0.00098326
634000 0.00099408
635000 0.00117262
636000 0.0010732
637000 0.00112964
638000 0.00090464
639000 0.00094712
640000 0.0013463
641000 0.00136978
642000 0.0011102
643000 0.00098876
644000 0.00098824
645000 0.00109846
646000 0.00096432
647000 0.00106844
648000 0.00105538
649000 0.00109404
650000 0.00114092
651000 0.00108616
652000 0.0016581
653000 0.0018463
654000 0.0013858
655000 0.00139724
656000 0.00152136
657000 0.00131722
658000 0.00139276
659000 0.00098372
660000 0.00097814
661000 0.00121304
662000 0.00125316
663000 0.0012845
664000 0.00124114
665000 0.00118472
666000 0.00133248
667000 0.00108632
668000 0.00147374
669000 0.00124208
670000 0.0011459
671000 0.00098432
672000 0.00104484
673000 0.00107074
674000 0.00103172
675000 0.001003
676000 0.00106838
677000 0.00096958
678000 0.000916
679000 0.00100406
680000 0.00102132
681000 0.0011312
682000 0.00103686
683000 0.0009694
684000 0.0010428
685000 0.0009706
686000 0.00096504
687000 0.00099982
688000 0.00097474
689000 0.00102474
690000 0.00097676
691000 0.00091622
692000 0.00102452
693000 0.00094596
694000 0.00107004
695000 0.00096424
696000 0.00098108
697000 0.0012076
698000 0.00109286
699000 0.00115848
700000 0.00104494
701000 0.00115854
702000 0.00132446
703000 0.00099534
704000 0.00112618
705000 0.00096494
706000 0.00102784
707000 0.00119894
708000 0.00110102
709000 0.0010603
710000 0.00110706
711000 0.0009414
712000 0.000974
713000 0.00098956
714000 0.00094312
715000 0.00100142
716000 0.00092506
717000 0.00094196
718000 0.0010432
719000 0.0009624
720000 0.00090704
721000 0.00101848
722000 0.00093508
723000 0.00093368
724000 0.00099986
725000 0.00091138
726000 0.0009889
727000 0.0009603
728000 0.0009356
729000 0.00111502
730000 0.0009364
731000 0.00100484
732000 0.00098434
733000 0.00096608
734000 0.00100192
735000 0.00096406
736000 0.00091294
737000 0.00102532
738000 0.00092616
739000 0.00102298
740000 0.00104024
741000 0.00101236
742000 0.00104234
743000 0.0009443
744000 0.00095926
745000 0.00101112
746000 0.00100816
747000 0.00098536
748000 0.00093722
749000 0.00093504
750000 0.0010082
751000 0.00093002
752000 0.0009136
753000 0.00103108
754000 0.00090124
755000 0.00092866
756000 0.00103018
757000 0.00092364
758000 0.00103352
759000 0.00101868
760000 0.00092674
761000 0.00110358
762000 0.00095968
763000 0.00092122
764000 0.0010384
765000 0.00091656
766000 0.00093244
767000 0.00111874
768000 0.0010093
769000 0.00104394
770000 0.00096364
771000 0.00091092
772000 0.0010918
773000 0.00092388
774000 0.00096316
775000 0.00095066
776000 0.00088802
777000 0.00108286
778000 0.00094686
779000 0.00092524
780000 0.00100754
781000 0.00091946
782000 0.00093234
783000 0.0010096
784000 0.0009126
785000 0.00097478
786000 0.00103152
787000 0.00093098
788000 0.00099858
789000 0.00090904
790000 0.00090616
791000 0.00099364
792000 0.0008841
793000 0.00096586
794000 0.00097288
795000 0.00093314
796000 0.00117286
797000 0.00091764
798000 0.00092706
799000 0.00106278
800000 0.00089332
801000 0.00098152
802000 0.00097006
803000 0.00095376
804000 0.00102648
805000 0.00091614
806000 0.00090092
807000 0.0010006
808000 0.0009203
809000 0.00093098
810000 0.00099792
811000 0.00093644
812000 0.00096548
813000 0.00100268
814000 0.00089848
815000 0.00106918
816000 0.00091188
817000 0.00093442
818000 0.00102722
819000 0.0009909
820000 0.00098412
821000 0.00092376
822000 0.00095898
823000 0.00099256
824000 0.0009313
825000 0.00093972
826000 0.0011088
827000 0.00091566
828000 0.00102874
829000 0.00101614
830000 0.00091502
831000 0.00102528
832000 0.00094268
833000 0.00110654
834000 0.00105144
835000 0.00093954
836000 0.00104564
837000 0.00094544
838000 0.0009171
839000 0.00103954
840000 0.00092104
841000 0.00090676
842000 0.00103176
843000 0.00092022
844000 0.00098112
845000 0.00098612
846000 0.00094386
847000 0.00103368
848000 0.00092568
849000 0.00090716
850000 0.00098592
851000 0.00092622
852000 0.00122756
853000 0.00104206
854000 0.00092704
855000 0.0010336
856000 0.00099632
857000 0.00091546
858000 0.0010137
859000 0.0009449
860000 0.00102148
861000 0.00090846
862000 0.00142074
863000 0.00111386
864000 0.00092744
865000 0.0010556
866000 0.00098802
867000 0.0009664
868000 0.00099058
869000 0.00093496
870000 0.00100882
871000 0.00098872
872000 0.0009258
873000 0.00106538
874000 0.00095532
875000 0.00092582
876000 0.00102854
877000 0.00089768
878000 0.00103886
879000 0.00094184
880000 0.00093614
881000 0.00099606
882000 0.0009267
883000 0.00091028
884000 0.0010039
885000 0.00093954
886000 0.00098278
887000 0.00093726
888000 0.00092644
889000 0.00111042
890000 0.00103336
891000 0.00099546
892000 0.00111224
893000 0.00095304
894000 0.00100588
895000 0.0009535
896000 0.00094372
897000 0.0010871
898000 0.00107934
899000 0.00091276
900000 0.00095594
901000 0.0009061
902000 0.00104274
903000 0.00094068
904000 0.00098688
905000 0.00102234
906000 0.0009412
907000 0.00091504
908000 0.00104654
909000 0.00093972
910000 0.00103444
911000 0.00092554
912000 0.0009582
913000 0.00100998
914000 0.00090678
915000 0.00091214
916000 0.0010211
917000 0.00095946
918000 0.0010213
919000 0.000982
920000 0.00092342
921000 0.00100496
922000 0.00091138
923000 0.00100578
924000 0.0009477
925000 0.00093622
926000 0.00112554
927000 0.00093072
928000 0.0009165
929000 0.00110776
930000 0.0009946
931000 0.00097444
932000 0.00097756
933000 0.00091882
934000 0.00100016
935000 0.00092942
936000 0.00094844
937000 0.00095702
938000 0.00092178
939000 0.00097904
940000 0.00093616
941000 0.00091604
942000 0.0010232
943000 0.0009331
944000 0.00098036
945000 0.00106156
946000 0.00092032
947000 0.00099088
948000 0.00108434
949000 0.00089264
950000 0.00113504
951000 0.00092422
952000 0.00094634
953000 0.0009912
954000 0.0011236
955000 0.00105116
956000 0.00100162
957000 0.00094316
958000 0.00101212
959000 0.00095814
960000 0.00095092
961000 0.00097378
962000 0.00104224
963000 0.0011504
964000 0.0009239
965000 0.00088862
966000 0.00113378
967000 0.00092326
968000 0.00104426
969000 0.00099962
970000 0.00093318
971000 0.00100534
972000 0.00096048
973000 0.00092782
974000 0.00104172
975000 0.00092886
976000 0.00105204
977000 0.00098392
978000 0.00093712
979000 0.00106566
980000 0.00103694
981000 0.00126926
982000 0.00108626
983000 0.00092898
984000 0.00101958
985000 0.00095898
986000 0.00105882
987000 0.00097728
988000 0.00092334
989000 0.00100416
990000 0.00094536
991000 0.0009758
992000 0.00102012
993000 0.00093506
994000 0.00101144
995000 0.00097718
996000 0.0009241
997000 0.00098458
998000 0.000906
999000 0.00090294
1000000 0.00106006
