0 0.0035443
1000 0.00319112
2000 0.00299984
3000 0.00319706
4000 0.00324158
5000 0.0033885
6000 0.00326914
7000 0.00322984
8000 0.00325994
9000 0.0033707
10000 0.00383534
11000 0.00336436
12000 0.00360644
13000 0.00351808
14000 0.0039862
15000 0.00355426
16000 0.0036575
17000 0.00406668
18000 0.00407964
19000 0.00395016
20000 0.00393962
21000 0.00527934
22000 0.00450486
23000 0.00392886
24000 0.00386606
25000 0.00405706
26000 0.00402192
27000 0.00466974
28000 0.00403546
29000 0.00443424
30000 0.00426128
31000 0.00431682
32000 0.00476706
33000 0.00465554
34000 0.00461688
35000 0.00437254
36000 0.00441146
37000 0.00422604
38000 0.00409486
39000 0.00494936
40000 0.00432696
41000 0.00419414
42000 0.00417318
43000 0.00567512
44000 0.0054405
45000 0.00501114
46000 0.00517238
47000 0.0052529
48000 0.0045618
49000 0.00439776
50000 0.0044167
51000 0.0042027
52000 0.00466786
53000 0.0045971
54000 0.00444592
55000 0.0046625
56000 0.00457858
57000 0.008459
58000 0.0055176
59000 0.0060641
60000 0.00628728
61000 0.0052252
62000 0.0060918
63000 0.00534748
64000 0.00497306
65000 0.0050648
66000 0.00440136
67000 0.00498608
68000 0.00455944
69000 0.00499266
70000 0.00451402
71000 0.00449302
72000 0.0050984
73000 0.00450982
74000 0.00453188
75000 0.00496114
76000 0.00497284
77000 0.00449596
78000 0.00455156
79000 0.0051561
80000 0.00478616
81000 0.00454032
82000 0.00499166
83000 0.00455758
84000 0.00487028
85000 0.00523862
86000 0.00543816
87000 0.00468532
88000 0.00498164
89000 0.00493848
90000 0.00472534
91000 0.00451798
92000 0.00578502
93000 0.00456328
94000 0.00469802
95000 0.0052231
96000 0.00480558
97000 0.00476094
98000 0.00465166
99000 0.0051359
100000 0.0058172
101000 0.005074
102000 0.0053406
103000 0.00634764
104000 0.00681462
105000 0.00551068
106000 0.00551546
107000 0.00570932
108000 0.00745136
109000 0.00512418
110000 0.00569504
111000 0.00529176
112000 0.00511646
113000 0.005745
114000 0.00547624
115000 0.0062899
116000 0.0064039
117000 0.00699356
118000 0.0059745
119000 0.00616308
120000 0.00581228
121000 0.00571404
122000 0.00548078
123000 0.00535182
124000 0.00621994
125000 0.0060999
126000 0.00589206
127000 0.00623178
128000 0.00622976
129000 0.00555346
130000 0.00594218
131000 0.00593014
132000 0.00548894
133000 0.00672108
134000 0.00583668
135000 0.00547448
136000 0.00584386
137000 0.00653948
138000 0.00575858
139000 0.00689984
140000 0.00609754
141000 0.006818
142000 0.00738462
143000 0.0073782
144000 0.00900198
145000 0.00515408
146000 0.0049501
147000 0.00504936
148000 0.0055211
149000 0.00565794
150000 0.00560928
151000 0.00531486
152000 0.00546342
153000 0.00492584
154000 0.0060037
155000 0.00518576
156000 0.00521348
157000 0.00563186
158000 0.00548608
159000 0.00551254
160000 0.00529846
161000 0.00503794
162000 0.00494382
163000 0.0054512
164000 0.00506512
165000 0.00519472
166000 0.00707384
167000 0.0107106
168000 0.00621476
169000 0.00658212
170000 0.00650986
171000 0.00674088
172000 0.00518874
173000 0.00521086
174000 0.0051932
175000 0.00573222
176000 0.00528688
177000 0.00598534
178000 0.00611474
179000 0.00579432
180000 0.00564584
181000 0.00581134
182000 0.00590052
183000 0.00682282
184000 0.0067753
185000 0.00563564
186000 0.00640792
187000 0.00565314
188000 0.00533906
189000 0.00566768
190000 0.00523518
191000 0.0052292
192000 0.0058348
193000 0.00612702
194000 0.00609798
195000 0.0065573
196000 0.00546684
197000 0.00530178
198000 0.0058944
199000 0.00567506
200000 0.00533774
201000 0.00573018
202000 0.00534522
203000 0.00543064
204000 0.00667276
205000 0.00687824
206000 0.00737468
207000 0.00680542
208000 0.00537922
209000 0.00574708
210000 0.005502
211000 0.0052695
212000 0.00572348
213000 0.00569468
214000 0.00532752
215000 0.00611704
216000 0.00528318
217000 0.0052516
218000 0.00536338
219000 0.00546832
220000 0.00528108
221000 0.00556134
222000 0.00542704
223000 0.0053182
224000 0.00551002
225000 0.00549208
226000 0.0053756
227000 0.00547092
228000 0.0059665
229000 0.00603402
230000 0.0055614
231000 0.0053983
232000 0.00528276
233000 0.00544974
234000 0.00555988
235000 0.00534328
236000 0.005321
237000 0.00597796
238000 0.00532166
239000 0.00528236
240000 0.00584356
241000 0.00543088
242000 0.00552726
243000 0.00586194
244000 0.00563266
245000 0.00553438
246000 0.00584016
247000 0.0053206
248000 0.0054299
249000 0.0064555
250000 0.00555694
251000 0.0054456
252000 0.005945
253000 0.00545708
254000 0.00549404
255000 0.00581686
256000 0.00541826
257000 0.00547424
258000 0.00577996
259000 0.00665236
260000 0.00545894
261000 0.00591444
262000 0.00558688
263000 0.00564666
264000 0.0060478
265000 0.00549134
266000 0.00542266
267000 0.00572576
268000 0.0054676
269000 0.00570638
270000 0.00592452
271000 0.005635
272000 0.00538466
273000 0.00620708
274000 0.0056392
275000 0.00559206
276000 0.00602624
277000 0.00568998
278000 0.0056961
279000 0.0062505
280000 0.00635232
281000 0.00543332
282000 0.0064525
283000 0.00542578
284000 0.00600666
285000 0.00672216
286000 0.00538358
287000 0.00539228
288000 0.00608838
289000 0.00562936
290000 0.0055487
291000 0.00594528
292000 0.00586092
293000 0.00557438
294000 0.00598428
295000 0.00575446
296000 0.00562412
297000 0.0060211
298000 0.00560052
299000 0.00547686
300000 0.0060802
301000 0.00564362
302000 0.00642152
303000 0.0058852
304000 0.00562792
305000 0.00552036
306000 0.00580368
307000 0.00582138
308000 0.00540302
309000 0.00605768
310000 0.00560462
311000 0.00555822
312000 0.00598684
313000 0.00557028
314000 0.0055788
315000 0.00585776
316000 0.00555436
317000 0.00600194
318000 0.005795
319000 0.00545878
320000 0.00566236
321000 0.00691308
322000 0.0112624
323000 0.00602074
324000 0.00557696
325000 0.00541626
326000 0.00596864
327000 0.00566466
328000 0.00558146
329000 0.00604736
330000 0.00567634
331000 0.00594798
332000 0.00615918
333000 0.00571678
334000 0.00561668
335000 0.00619852
336000 0.00554178
337000 0.0056419
338000 0.00609854
339000 0.00572446
340000 0.0057191
341000 0.00661772
342000 0.00568854
343000 0.00560546
344000 0.00633884
345000 0.00586344
346000 0.00639366
347000 0.00602578
348000 0.00554818
349000 0.00623738
350000 0.00561788
351000 0.00572484
352000 0.00601212
353000 0.005828
354000 0.006013
355000 0.00610684
356000 0.00590258
357000 0.00557924
358000 0.00616146
359000 0.00571034
360000 0.00608708
361000 0.0070592
362000 0.0074347
363000 0.00717038
364000 0.00655954
365000 0.00789694
366000 0.00750822
367000 0.00652306
368000 0.00638186
369000 0.00578912
370000 0.00589398
371000 0.00626898
372000 0.00623566
373000 0.00594096
374000 0.0061734
375000 0.00575308
376000 0.00582086
377000 0.00632404
378000 0.0058025
379000 0.00581096
380000 0.00669786
381000 0.00601256
382000 0.0059102
383000 0.00714338
384000 0.00606978
385000 0.00618604
386000 0.00594074
387000 0.00623918
388000 0.00616684
389000 0.00640996
390000 0.00694308
391000 0.00646126
392000 0.00614742
393000 0.00621966
394000 0.00595052
395000 0.0060033
396000 0.00634692
397000 0.00606162
398000 0.005905
399000 0.00640882
400000 0.00761896
401000 0.00821426
402000 0.0072468
403000 0.00591072
404000 0.00607054
405000 0.00625686
406000 0.00586702
407000 0.00594876
408000 0.0062337
409000 0.00576098
410000 0.00619016
411000 0.00583702
412000 0.00587766
413000 0.00635164
414000 0.00594
415000 0.0060192
416000 0.00626162
417000 0.00593672
418000 0.00585602
419000 0.00690894
420000 0.00600106
421000 0.00580194
422000 0.0062568
423000 0.00584662
424000 0.00580224
425000 0.00622406
426000 0.0058391
427000 0.00577484
428000 0.00610708
429000 0.00612902
430000 0.00607692
431000 0.00622932
432000 0.0060491
433000 0.00731184
434000 0.00605236
435000 0.0058008
436000 0.00624218
437000 0.0058561
438000 0.00602812
439000 0.00734996
440000 0.00639786
441000 0.00602834
442000 0.00683956
443000 0.0058088
444000 0.00589654
445000 0.00610108
446000 0.00592972
447000 0.00603808
448000 0.00602086
449000 0.00595716
450000 0.00622102
451000 0.0060002
452000 0.00586072
453000 0.00636198
454000 0.00574516
455000 0.00583046
456000 0.00634842
457000 0.00607896
458000 0.00596886
459000 0.0070786
460000 0.00592016
461000 0.00585176
462000 0.00638456
463000 0.0060123
464000 0.00593244
465000 0.00639508
466000 0.0057929
467000 0.00601886
468000 0.0063973
469000 0.00601566
470000 0.00601362
471000 0.00648374
472000 0.00606316
473000 0.00658188
474000 0.00612504
475000 0.00593958
476000 0.00651638
477000 0.00597384
478000 0.00588294
479000 0.00654074
480000 0.00598368
481000 0.00600842
482000 0.00644532
483000 0.0060452
484000 0.00610202
485000 0.00642456
486000 0.00595368
487000 0.00597378
488000 0.00632548
489000 0.0060575
490000 0.00614878
491000 0.006222
492000 0.00607942
493000 0.00628042
494000 0.0061642
495000 0.00596346
496000 0.0062976
497000 0.00627194
498000 0.00619628
499000 0.00698614
500000 0.00595834
501000 0.0061662
502000 0.0064616
503000 0.00625564
504000 0.00641338
505000 0.00598468
506000 0.00601606
507000 0.00645108
508000 0.0060875
509000 0.0067384
510000 0.00686378
511000 0.00602502
512000 0.00636928
513000 0.00634804
514000 0.00619568
515000 0.00609382
516000 0.00636786
517000 0.00624666
518000 0.00676154
519000 0.00598178
520000 0.00602268
521000 0.00644092
522000 0.0060406
523000 0.00597232
524000 0.00655178
525000 0.0060325
526000 0.00681704
527000 0.0060326
528000 0.00618818
529000 0.00649382
530000 0.00689864
531000 0.007634
532000 0.00733952
533000 0.00776484
534000 0.00760256
535000 0.00651586
536000 0.00686394
537000 0.0088479
538000 0.0072509
539000 0.0070345
540000 0.00672244
541000 0.0066282
542000 0.0065111
543000 0.00626858
544000 0.0064359
545000 0.00658484
546000 0.00611046
547000 0.00715008
548000 0.0064365
549000 0.00605996
550000 0.00640512
551000 0.00631104
552000 0.0059068
553000 0.00633036
554000 0.00606166
555000 0.00623094
556000 0.00666946
557000 0.00610208
558000 0.00658988
559000 0.00627144
560000 0.00603838
561000 0.00648254
562000 0.0061253
563000 0.00619932
564000 0.00641998
565000 0.00643098
566000 0.0062483
567000 0.00617804
568000 0.00603352
569000 0.00611704
570000 0.0064353
571000 0.00602104
572000 0.0065484
573000 0.00609922
574000 0.0061318
575000 0.0072572
576000 0.00762094
577000 0.00753738
578000 0.0064353
579000 0.00610496
580000 0.00671284
581000 0.00598322
582000 0.00603916
583000 0.00646062
584000 0.00608894
585000 0.00605666
586000 0.00681588
587000 0.00615892
588000 0.00618872
589000 0.00646048
590000 0.00613318
591000 0.00640348
592000 0.00685108
593000 0.00610996
594000 0.00807012
595000 0.00627362
596000 0.00621276
597000 0.00638606
598000 0.00624106
599000 0.00659166
600000 0.0061884
601000 0.00615248
602000 0.00640866
603000 0.00618308
604000 0.00615802
605000 0.006721
606000 0.00616164
607000 0.00647944
608000 0.00644122
609000 0.00613412
610000 0.00641468
611000 0.00620576
612000 0.00610032
613000 0.00705016
614000 0.00625488
615000 0.00628838
616000 0.00664138
617000 0.00629974
618000 0.00620712
619000 0.00742908
620000 0.00675024
621000 0.0070449
622000 0.00679648
623000 0.0068273
624000 0.00673228
625000 0.00625112
626000 0.0062563
627000 0.00661406
628000 0.00612166
629000 0.00686996
630000 0.0069105
631000 0.00655212
632000 0.00814948
633000 0.00648768
634000 0.00658266
635000 0.00723604
636000 0.00686478
637000 0.00707556
638000 0.0062872
639000 0.00630224
640000 0.00771998
641000 0.00783278
642000 0.006919
643000 0.00649696
644000 0.00659986
645000 0.00680686
646000 0.00641954
647000 0.00690984
648000 0.00658656
649000 0.00676736
650000 0.00719942
651000 0.00677774
652000 0.00943144
653000 0.00984686
654000 0.00817966
655000 0.00822318
656000 0.0088168
657000 0.00780718
658000 0.008349
659000 0.00641638
660000 0.00651876
661000 0.00748774
662000 0.00761414
663000 0.0078152
664000 0.00756158
665000 0.00737096
666000 0.00784162
667000 0.00696154
668000 0.0086931
669000 0.00753102
670000 0.00725112
671000 0.00661572
672000 0.00674728
673000 0.00688448
674000 0.0067072
675000 0.00651586
676000 0.00688838
677000 0.00654896
678000 0.00620994
679000 0.00657664
680000 0.00670262
681000 0.00714904
682000 0.00679336
683000 0.00648608
684000 0.00681654
685000 0.00645618
686000 0.00647926
687000 0.00679724
688000 0.00657862
689000 0.00678324
690000 0.00633454
691000 0.00623826
692000 0.00675124
693000 0.00637278
694000 0.00686938
695000 0.00638456
696000 0.00662096
697000 0.0073199
698000 0.00678516
699000 0.0073532
700000 0.00677048
701000 0.0073157
702000 0.00820038
703000 0.00652692
704000 0.00712554
705000 0.00648462
706000 0.00673198
707000 0.00744488
708000 0.00722044
709000 0.00694366
710000 0.00719556
711000 0.00640236
712000 0.00664406
713000 0.0069516
714000 0.00630284
715000 0.00672706
716000 0.00631766
717000 0.00633344
718000 0.0068322
719000 0.0065387
720000 0.0062418
721000 0.00667618
722000 0.00621506
723000 0.00630092
724000 0.00665658
725000 0.00627546
726000 0.00673912
727000 0.00626238
728000 0.0063649
729000 0.00718998
730000 0.0062945
731000 0.00658618
732000 0.00643142
733000 0.006622
734000 0.00664012
735000 0.0064614
736000 0.006226
737000 0.00668744
738000 0.00628882
739000 0.00666312
740000 0.0065948
741000 0.00659556
742000 0.00698004
743000 0.00633164
744000 0.00633424
745000 0.00665416
746000 0.00659684
747000 0.00660768
748000 0.0063243
749000 0.0062731
750000 0.00664922
751000 0.00627882
752000 0.00630158
753000 0.00675392
754000 0.00634076
755000 0.00626776
756000 0.00660482
757000 0.00624042
758000 0.00666282
759000 0.00666274
760000 0.00629346
761000 0.00735522
762000 0.00644418
763000 0.00624636
764000 0.00671988
765000 0.00635462
766000 0.006431
767000 0.00696564
768000 0.0064511
769000 0.00687764
770000 0.0064573
771000 0.00623912
772000 0.00720408
773000 0.00622788
774000 0.0063836
775000 0.006301
776000 0.0062754
777000 0.00710974
778000 0.00643818
779000 0.0063671
780000 0.00667594
781000 0.00623322
782000 0.00633252
783000 0.0068059
784000 0.00627428
785000 0.00652402
786000 0.00666812
787000 0.00634452
788000 0.00677646
789000 0.00632654
790000 0.0063699
791000 0.0065792
792000 0.00625394
793000 0.00659392
794000 0.00641902
795000 0.00629482
796000 0.00740266
797000 0.00630506
798000 0.00621364
799000 0.0070422
800000 0.0063976
801000 0.00668886
802000 0.0065068
803000 0.00651318
804000 0.00677028
805000 0.00627586
806000 0.00626974
807000 0.00679032
808000 0.0063979
809000 0.0062865
810000 0.00666036
811000 0.00633844
812000 0.00653868
813000 0.00676578
814000 0.00618588
815000 0.00720118
816000 0.00636884
817000 0.00650396
818000 0.0066586
819000 0.00655294
820000 0.00655542
821000 0.00634774
822000 0.00642844
823000 0.00681832
824000 0.00645928
825000 0.00634234
826000 0.00718024
827000 0.0063029
828000 0.00677424
829000 0.0066487
830000 0.0064753
831000 0.00674464
832000 0.00656478
833000 0.00696306
834000 0.00699258
835000 0.00633798
836000 0.00707576
837000 0.00634028
838000 0.00630654
839000 0.0069294
840000 0.00638682
841000 0.00632498
842000 0.00675746
843000 0.00653912
844000 0.00652502
845000 0.00655092
846000 0.00639604
847000 0.00677966
848000 0.00643496
849000 0.006394
850000 0.00687118
851000 0.00638132
852000 0.00787974
853000 0.00683168
854000 0.0063749
855000 0.00687442
856000 0.00645724
857000 0.00635726
858000 0.0068025
859000 0.0063578
860000 0.0068915
861000 0.00641292
862000 0.00926724
863000 0.00709292
864000 0.006341
865000 0.00695302
866000 0.00659244
867000 0.00650738
868000 0.00664336
869000 0.00642684
870000 0.00668654
871000 0.0064426
872000 0.00647528
873000 0.00697452
874000 0.00651826
875000 0.00635956
876000 0.00693458
877000 0.00637642
878000 0.00686556
879000 0.00645834
880000 0.00642208
881000 0.00694496
882000 0.00649986
883000 0.00636626
884000 0.00673712
885000 0.00657974
886000 0.00681462
887000 0.00644766
888000 0.00637842
889000 0.00732166
890000 0.00671214
891000 0.0066396
892000 0.00714192
893000 0.0065244
894000 0.00670206
895000 0.00640248
896000 0.00644224
897000 0.00688458
898000 0.00697282
899000 0.0064526
900000 0.00655426
901000 0.0063254
902000 0.00668188
903000 0.00651938
904000 0.00666074
905000 0.00697906
906000 0.00652106
907000 0.0064025
908000 0.00682618
909000 0.00647114
910000 0.00691566
911000 0.00632174
912000 0.00649564
913000 0.00673704
914000 0.0064023
915000 0.00634926
916000 0.0067065
917000 0.00666096
918000 0.0068905
919000 0.00664084
920000 0.00641044
921000 0.00695162
922000 0.00645816
923000 0.00674288
924000 0.00660588
925000 0.00634738
926000 0.0074483
927000 0.00634926
928000 0.0064731
929000 0.0072141
930000 0.00679462
931000 0.00663974
932000 0.0066354
933000 0.0064528
934000 0.0067529
935000 0.00643362
936000 0.00657868
937000 0.00649592
938000 0.00646194
939000 0.00659324
940000 0.00649114
941000 0.00646768
942000 0.0068693
943000 0.00650046
944000 0.00659362
945000 0.00695512
946000 0.00657976
947000 0.0067641
948000 0.00695216
949000 0.0064214
950000 0.0073414
951000 0.00648488
952000 0.00640944
953000 0.00669874
954000 0.007411
955000 0.0069163
956000 0.00668708
957000 0.00658472
958000 0.0068695
959000 0.00655472
960000 0.00662622
961000 0.00666826
962000 0.0069732
963000 0.00738884
964000 0.00647094
965000 0.00634642
966000 0.00734316
967000 0.0064251
968000 0.0069378
969000 0.00683928
970000 0.0064946
971000 0.00673156
972000 0.00657208
973000 0.00644688
974000 0.00692248
975000 0.00648122
976000 0.00696854
977000 0.00659862
978000 0.00658232
979000 0.0070306
980000 0.0068121
981000 0.00827158
982000 0.00721874
983000 0.00662818
984000 0.00684298
985000 0.00644824
986000 0.00680464
987000 0.00676172
988000 0.00642154
989000 0.00705334
990000 0.0065827
991000 0.00672742
992000 0.00662434
993000 0.00657132
994000 0.00693632
995000 0.00679422
996000 0.00644622
997000 0.00690252
998000 0.0063336
999000 0.0064737
1000000 0.0072464
