0 0.00139114
10 0.00140154
20 0.00165352
30 0.00161806
40 0.00157936
50 0.00176086
60 0.00211216
70 0.0017456
80 0.00264092
90 0.00246494
100 0.00192022
110 0.00236204
120 0.00256538
130 0.00193968
140 0.00216166
150 0.00249626
160 0.00294374
170 0.00206224
180 0.00265436
190 0.0020587
200 0.00280308
210 0.0029246
220 0.0029278
230 0.0032561
240 0.00253436
250 0.0026675
260 0.0027305
270 0.0027312
280 0.0032887
290 0.0029071
300 0.003285
310 0.00324492
320 0.00323028
330 0.0032202
340 0.00307152
350 0.00286234
360 0.00318486
370 0.00329654
380 0.00333932
390 0.0031327
400 0.00258858
410 0.00310922
420 0.00284582
430 0.00260752
440 0.00281574
450 0.00297308
460 0.00272374
470 0.00246246
480 0.0024048
490 0.00248932
500 0.0023153
510 0.00248676
520 0.00349062
530 0.00267252
540 0.00239992
550 0.00243148
560 0.0029771
570 0.00317578
580 0.0027963
590 0.00250912
600 0.00227062
610 0.00227914
620 0.00234824
630 0.00250058
640 0.00229104
650 0.00243754
660 0.00250924
670 0.00274178
680 0.0025119
690 0.00295832
700 0.0026611
710 0.00228912
720 0.00269092
730 0.00359676
740 0.00270484
750 0.00269324
760 0.00242438
770 0.0023687
780 0.00246628
790 0.00231332
800 0.00268818
810 0.00241176
820 0.0024156
830 0.00240796
840 0.00246936
850 0.00293424
860 0.00278048
870 0.00249478
880 0.00240532
890 0.00267314
900 0.00244028
910 0.00255512
920 0.0030958
930 0.00248562
940 0.00237066
950 0.00243342
960 0.00234604
970 0.00279674
980 0.00247072
990 0.00242184
1000 0.0024102
1010 0.00241092
1020 0.00244666
1030 0.00276808
1040 0.00252704
1050 0.0025089
1060 0.00249384
1070 0.00277078
1080 0.0026176
1090 0.00263572
1100 0.0032592
1110 0.00248726
1120 0.00243588
1130 0.00244572
1140 0.00258182
1150 0.00323862
1160 0.00250816
1170 0.0027444
1180 0.00388562
1190 0.0040239
1200 0.0041807
1210 0.0030111
1220 0.00251238
1230 0.00244482
1240 0.00241248
1250 0.002687
1260 0.0026659
1270 0.00250362
1280 0.0024416
1290 0.0026626
1300 0.0024878
1310 0.00268394
1320 0.00261624
1330 0.00251928
1340 0.0025111
1350 0.00258704
1360 0.0025479
1370 0.00264294
1380 0.00290688
1390 0.00313658
1400 0.00280068
1410 0.00338148
1420 0.00416834
1430 0.00342938
1440 0.00314018
1450 0.00261452
1460 0.0027521
1470 0.00285252
1480 0.00256132
1490 0.0028437
1500 0.00328014
1510 0.00503904
1520 0.003664
1530 0.00285388
1540 0.00256074
1550 0.00251972
1560 0.0026319
1570 0.00336986
1580 0.00263166
1590 0.00260558
1600 0.00301406
1610 0.00259314
1620 0.00268708
1630 0.00293082
1640 0.00312726
1650 0.00266998
1660 0.00262308
1670 0.00326134
1680 0.00284
1690 0.0031588
1700 0.00260966
1710 0.00274506
1720 0.002675
1730 0.0039307
1740 0.00285958
1750 0.00291158
1760 0.00301936
1770 0.00334346
1780 0.00320478
1790 0.0031637
1800 0.0029255
1810 0.00301626
1820 0.00366912
1830 0.00293568
1840 0.00266668
1850 0.0027242
1860 0.0027258
1870 0.00380152
1880 0.00305278
1890 0.00308648
1900 0.00390538
1910 0.00435142
1920 0.00299488
1930 0.00344252
1940 0.00292396
1950 0.0029805
1960 0.00329454
1970 0.00276952
1980 0.00283236
1990 0.00270792
2000 0.00288322
2010 0.0031739
2020 0.00311778
2030 0.00267236
2040 0.00272622
2050 0.00278588
2060 0.00302048
2070 0.00297552
2080 0.00317154
2090 0.00285868
2100 0.00297622
2110 0.00336962
2120 0.00307546
2130 0.00276594
2140 0.00324868
2150 0.0026739
2160 0.00322328
2170 0.00281674
2180 0.00272512
2190 0.00257452
2200 0.00258162
2210 0.00259588
2220 0.00281302
2230 0.00247476
2240 0.00259656
2250 0.00252024
2260 0.00254086
2270 0.0026907
2280 0.0033018
2290 0.00306856
2300 0.00281286
2310 0.0025682
2320 0.00258774
2330 0.00290232
2340 0.0026008
2350 0.0025733
2360 0.00262808
2370 0.0026309
2380 0.00266352
2390 0.0029599
2400 0.0026208
2410 0.00290504
2420 0.00265006
2430 0.00257976
2440 0.002779
2450 0.00263436
2460 0.00261762
2470 0.00260022
2480 0.00281098
2490 0.00257326
2500 0.00291628
2510 0.00264456
2520 0.00257298
2530 0.00262972
2540 0.00254008
2550 0.0027634
2560 0.00273682
2570 0.0026067
2580 0.00274902
2590 0.00269282
2600 0.00268422
2610 0.00332156
2620 0.00275896
2630 0.00278872
2640 0.00277776
2650 0.0027286
2660 0.00313124
2670 0.0029329
2680 0.00296362
2690 0.00284858
2700 0.00295656
2710 0.00309508
2720 0.00292958
2730 0.00286096
2740 0.00271406
2750 0.00271208
2760 0.00283776
2770 0.00304618
2780 0.00293012
2790 0.00306036
2800 0.00307184
2810 0.00302312
2820 0.00310796
2830 0.00294518
2840 0.0029213
2850 0.00298992
2860 0.00339962
2870 0.00296088
2880 0.00310702
2890 0.0031721
2900 0.00283654
2910 0.00305074
2920 0.00289864
2930 0.00289174
2940 0.00308856
2950 0.00297226
2960 0.00288744
2970 0.00300514
2980 0.00293628
2990 0.00282368
3000 0.00299382
3010 0.00283862
3020 0.00330968
3030 0.00303866
3040 0.00273014
3050 0.00296772
3060 0.00293628
3070 0.00298796
3080 0.00291676
3090 0.00272274
3100 0.0026946
3110 0.00290074
3120 0.00264998
3130 0.0029766
3140 0.00297374
3150 0.0027556
3160 0.00263338
3170 0.00265472
3180 0.00312876
3190 0.00292108
3200 0.00279836
3210 0.00264462
3220 0.00266386
3230 0.00266684
3240 0.0028941
3250 0.00272008
3260 0.00270254
3270 0.00269888
3280 0.00270778
3290 0.00298348
3300 0.00271616
3310 0.00260374
3320 0.00261794
3330 0.00282086
3340 0.00290512
3350 0.00288388
3360 0.00275884
3370 0.0026221
3380 0.00266454
3390 0.0026742
3400 0.0031441
3410 0.00286248
3420 0.0026562
3430 0.00268566
3440 0.0026896
3450 0.00274716
3460 0.00303042
3470 0.00287502
3480 0.0027828
3490 0.0026836
3500 0.0027438
3510 0.00298112
3520 0.00278106
3530 0.00272326
3540 0.00273874
3550 0.00269256
3560 0.00276772
3570 0.00301654
3580 0.00275328
3590 0.00271904
3600 0.00270442
3610 0.00275352
3620 0.00309892
3630 0.00289664
3640 0.00293202
3650 0.00276772
3660 0.002928
3670 0.00279188
3680 0.00318106
3690 0.00299644
3700 0.00280434
3710 0.00287864
3720 0.00311384
3730 0.00356252
3740 0.0031219
3750 0.00314666
3760 0.00290534
3770 0.00266636
3780 0.00315598
3790 0.0026659
3800 0.00267054
3810 0.00317168
3820 0.00279104
3830 0.00290902
3840 0.00290672
3850 0.00275794
3860 0.00278144
3870 0.00272804
3880 0.00307408
3890 0.00321242
3900 0.00329096
3910 0.00313618
3920 0.00331486
3930 0.00337146
3940 0.00286876
3950 0.00277094
3960 0.00276386
3970 0.00267032
3980 0.0028051
3990 0.00317638
4000 0.0028054
4010 0.00278566
4020 0.00311398
4030 0.00314078
4040 0.00331578
4050 0.00327844
4060 0.0031332
4070 0.00334672
4080 0.00330852
4090 0.00321152
4100 0.00342866
4110 0.00309908
4120 0.00327842
4130 0.00343936
4140 0.00337398
4150 0.00277416
4160 0.00271016
4170 0.00283386
4180 0.00281182
4190 0.00449182
4200 0.00416738
4210 0.00361946
4220 0.0033316
4230 0.00387602
4240 0.0030561
4250 0.00297118
4260 0.00292042
4270 0.00290394
4280 0.00326006
4290 0.00290298
4300 0.00294654
4310 0.00286902
4320 0.00334232
4330 0.00342076
4340 0.0029296
4350 0.00323292
4360 0.00321596
4370 0.00354306
4380 0.003574
4390 0.00343104
4400 0.00618788
4410 0.00435588
4420 0.00363132
4430 0.00347194
4440 0.00318884
4450 0.00349036
4460 0.00345734
4470 0.00321926
4480 0.00315782
4490 0.00357102
4500 0.00342804
4510 0.0036425
4520 0.00337372
4530 0.00336982
4540 0.00395002
4550 0.0042352
4560 0.0041374
4570 0.00346456
4580 0.00341372
4590 0.00369484
4600 0.00360606
4610 0.00333242
4620 0.00424046
4630 0.0037396
4640 0.0032888
4650 0.00297516
4660 0.00304484
4670 0.00313658
4680 0.00304392
4690 0.0033089
4700 0.00290978
4710 0.0029924
4720 0.00326996
4730 0.00391338
4740 0.00387668
4750 0.003554
4760 0.00362122
4770 0.0037731
4780 0.00364866
4790 0.00365592
4800 0.00322424
4810 0.00302862
4820 0.00314364
4830 0.00326368
4840 0.00291028
4850 0.00288958
4860 0.00290266
4870 0.00277344
4880 0.00324058
4890 0.00307274
4900 0.00290236
4910 0.00329098
4920 0.00295546
4930 0.00325244
4940 0.00285962
4950 0.0032395
4960 0.00285402
4970 0.00311438
4980 0.003524
4990 0.0032945
5000 0.00329612
5010 0.00343206
5020 0.00338014
5030 0.00333688
5040 0.00331404
5050 0.00301974
5060 0.0032888
5070 0.003627
5080 0.00302636
5090 0.00308658
5100 0.00306838
5110 0.0033302
5120 0.00371774
5130 0.0030255
5140 0.00302296
5150 0.00331742
5160 0.00312312
5170 0.00334176
5180 0.0032484
5190 0.0031325
5200 0.00293796
5210 0.00313964
5220 0.00344818
5230 0.00295676
5240 0.00328448
5250 0.00300262
5260 0.00305026
5270 0.00336094
5280 0.00305956
5290 0.00304688
5300 0.003196
5310 0.00313454
5320 0.00323458
5330 0.00316236
5340 0.00329394
5350 0.00300246
5360 0.00365264
5370 0.0031732
5380 0.0030053
5390 0.0032908
5400 0.0030942
5410 0.0033927
5420 0.00330704
5430 0.00303204
5440 0.0030493
5450 0.00305642
5460 0.00352064
5470 0.00421516
5480 0.00345978
5490 0.00311806
5500 0.00303214
5510 0.00362586
5520 0.00311314
5530 0.0033059
5540 0.00309634
5550 0.00319166
5560 0.00328302
5570 0.00326346
5580 0.00305926
5590 0.00344636
5600 0.00332232
5610 0.00320704
5620 0.00329786
5630 0.0031982
5640 0.00311696
5650 0.00348642
5660 0.00326218
5670 0.00305876
5680 0.0031208
5690 0.00334392
5700 0.00346176
5710 0.00341794
5720 0.00333792
5730 0.00312764
5740 0.0032194
5750 0.00337034
5760 0.00327996
5770 0.0032015
5780 0.00310212
5790 0.0032971
5800 0.0047565
5810 0.00346936
5820 0.00339444
5830 0.00316554
5840 0.00333124
5850 0.00313652
5860 0.00335392
5870 0.00313016
5880 0.00350094
5890 0.0034513
5900 0.0031487
5910 0.00316286
5920 0.00314446
5930 0.0033925
5940 0.00336322
5950 0.00314384
5960 0.00309154
5970 0.00315192
5980 0.00326088
5990 0.00344368
6000 0.00316592
6010 0.00311048
6020 0.00323838
6030 0.00330856
6040 0.00317436
6050 0.00338186
6060 0.00307212
6070 0.0031319
6080 0.00337082
6090 0.00315974
6100 0.00341978
6110 0.00349564
6120 0.00332478
6130 0.00369376
6140 0.00316396
6150 0.00324194
6160 0.00319094
6170 0.00357848
6180 0.00321172
6190 0.00308902
6200 0.00315934
6210 0.00308294
6220 0.0035735
6230 0.00326014
6240 0.00306692
6250 0.00326124
6260 0.00312598
6270 0.00352632
6280 0.00341226
6290 0.00306544
6300 0.00312624
6310 0.00305924
6320 0.0034632
6330 0.00326488
6340 0.00428458
6350 0.00333776
6360 0.00370886
6370 0.00340422
6380 0.0032416
6390 0.0034641
6400 0.0032521
6410 0.00381034
6420 0.00309004
6430 0.0030381
6440 0.0029229
6450 0.003175
6460 0.00332018
6470 0.00341658
6480 0.00304776
6490 0.00305246
6500 0.00294176
6510 0.0036069
6520 0.00297306
6530 0.0029868
6540 0.00294392
6550 0.00300478
6560 0.00339908
6570 0.00351704
6580 0.00310454
6590 0.00310448
6600 0.00320832
6610 0.00323096
6620 0.00306616
6630 0.00319828
6640 0.00329024
6650 0.00356136
6660 0.0031841
6670 0.00305264
6680 0.00303538
6690 0.00355818
6700 0.00390518
6710 0.00345884
6720 0.00352978
6730 0.00332702
6740 0.0037369
6750 0.00409926
6760 0.00336276
6770 0.00353016
6780 0.00315608
6790 0.00315996
6800 0.00394302
6810 0.00321286
6820 0.00322566
6830 0.00302172
6840 0.0035671
6850 0.0036516
6860 0.00328284
6870 0.00363016
6880 0.0035931
6890 0.00409912
6900 0.0035591
6910 0.00359448
6920 0.00340982
6930 0.00381268
6940 0.00377886
6950 0.00349078
6960 0.00327322
6970 0.00328642
6980 0.00362536
6990 0.00347358
7000 0.00297018
7010 0.00297936
7020 0.00336178
7030 0.00356986
7040 0.00410032
7050 0.00335856
7060 0.00300456
7070 0.00354688
7080 0.00359666
7090 0.0029975
7100 0.00314482
7110 0.00303152
7120 0.00335424
7130 0.00317838
7140 0.00304692
7150 0.00301342
7160 0.00303268
7170 0.00323524
7180 0.00310428
7190 0.00302148
7200 0.00303102
7210 0.00298322
7220 0.0032038
7230 0.00322284
7240 0.0032059
7250 0.00300848
7260 0.00298692
7270 0.0034957
7280 0.00311986
7290 0.00306466
7300 0.00302262
7310 0.00292296
7320 0.00333798
7330 0.00300354
7340 0.00299366
7350 0.0031059
7360 0.00336734
7370 0.00343134
7380 0.0032412
7390 0.0031365
7400 0.00333682
7410 0.00351478
7420 0.00348126
7430 0.00326974
7440 0.0034687
7450 0.0037063
7460 0.00378106
7470 0.00406194
7480 0.0036545
7490 0.00310542
7500 0.00355072
7510 0.00348818
7520 0.00327072
7530 0.00337584
7540 0.00330234
7550 0.00320628
7560 0.00341426
7570 0.00310388
7580 0.0031544
7590 0.0030924
7600 0.00327696
7610 0.00341104
7620 0.00311962
7630 0.0032995
7640 0.00304948
7650 0.00305362
7660 0.00339298
7670 0.0030939
7680 0.00301718
7690 0.00307268
7700 0.0030395
7710 0.00344748
7720 0.00315696
7730 0.00301464
7740 0.003422
7750 0.00301976
7760 0.00362058
7770 0.00312694
7780 0.00309942
7790 0.00303744
7800 0.00331568
7810 0.00411828
7820 0.00313658
7830 0.00318174
7840 0.00296442
7850 0.0032641
7860 0.00346016
7870 0.00310318
7880 0.00302126
7890 0.00320768
7900 0.00329964
7910 0.00308606
7920 0.00305894
7930 0.0030843
7940 0.00300096
7950 0.0035699
7960 0.004826
7970 0.0055451
7980 0.00391212
7990 0.0037962
8000 0.00330534
8010 0.00303646
8020 0.00310898
8030 0.00337096
8040 0.00340524
8050 0.00311206
8060 0.00310338
8070 0.00303744
8080 0.00287502
8090 0.00367688
8100 0.0030423
8110 0.00286478
8120 0.00287854
8130 0.00281658
8140 0.0033674
8150 0.0029518
8160 0.00293476
8170 0.00331674
8180 0.00460422
8190 0.0066153
8200 0.00362908
8210 0.00327606
8220 0.00306918
8230 0.0034074
8240 0.00316444
8250 0.00312822
8260 0.00307342
8270 0.00313326
8280 0.00328252
8290 0.00321208
8300 0.00329034
8310 0.00432312
8320 0.00601856
8330 0.00430246
8340 0.00353268
8350 0.00312658
8360 0.00308258
8370 0.00335192
8380 0.00308688
8390 0.00340366
8400 0.00305182
8410 0.003003
8420 0.0037915
8430 0.0034908
8440 0.00309334
8450 0.00303468
8460 0.00320354
8470 0.00387302
8480 0.00303994
8490 0.00308526
8500 0.0030034
8510 0.00333548
8520 0.0033699
8530 0.00299558
8540 0.00305754
8550 0.00300996
8560 0.00368046
8570 0.00448496
8580 0.00579382
8590 0.00356422
8600 0.00377366
8610 0.00314718
8620 0.00306288
8630 0.0031392
8640 0.00307614
8650 0.00359152
8660 0.00343936
8670 0.00314304
8680 0.0031387
8690 0.0040011
8700 0.0037095
8710 0.00355626
8720 0.00338238
8730 0.00328738
8740 0.0037885
8750 0.00316176
8760 0.00325268
8770 0.00364932
8780 0.00442836
8790 0.00372724
8800 0.00348484
8810 0.00332936
8820 0.00382538
8830 0.00372438
8840 0.003282
8850 0.00343174
8860 0.0032001
8870 0.00356182
8880 0.00350076
8890 0.0034246
8900 0.00386394
8910 0.00338278
8920 0.00339712
8930 0.0036638
8940 0.00328942
8950 0.00463744
8960 0.00457538
8970 0.00435422
8980 0.00348874
8990 0.00351048
9000 0.0039288
9010 0.0034981
9020 0.00348962
9030 0.00315426
9040 0.00315398
9050 0.00363398
9060 0.00339814
9070 0.0034325
9080 0.00394098
9090 0.00463892
9100 0.0038967
9110 0.00353934
9120 0.00355422
9130 0.00382308
9140 0.0036523
9150 0.00374512
9160 0.0034946
9170 0.00338142
9180 0.00377588
9190 0.00355998
9200 0.00329002
9210 0.0031994
9220 0.00400554
9230 0.0038389
9240 0.00369504
9250 0.00365882
9260 0.00373852
9270 0.00367674
9280 0.00368354
9290 0.00448194
9300 0.00395764
9310 0.00395416
9320 0.00371572
9330 0.00349142
9340 0.003277
9350 0.0038916
9360 0.00420838
9370 0.00396898
9380 0.00342434
9390 0.00458866
9400 0.00356386
9410 0.00372802
9420 0.00366386
9430 0.00365764
9440 0.00375142
9450 0.0034614
9460 0.00326388
9470 0.0031686
9480 0.00356386
9490 0.0032487
9500 0.00356446
9510 0.00329804
9520 0.0032883
9530 0.00411406
9540 0.00345278
9550 0.00379752
9560 0.00346492
9570 0.0038613
9580 0.00344152
9590 0.0034446
9600 0.00348642
9610 0.00349072
9620 0.00366662
9630 0.00339822
9640 0.00327258
9650 0.00332016
9660 0.0033175
9670 0.0037244
9680 0.00332392
9690 0.0032094
9700 0.00319702
9710 0.00353664
9720 0.00362732
9730 0.00333848
9740 0.00333066
9750 0.00376624
9760 0.00460422
9770 0.003554
9780 0.00363584
9790 0.00357696
9800 0.00377188
9810 0.00342954
9820 0.00351848
9830 0.00355434
9840 0.00361734
9850 0.00350654
9860 0.00333352
9870 0.00339472
9880 0.00419814
9890 0.00378416
9900 0.0033079
9910 0.00359086
9920 0.00334654
9930 0.00395074
9940 0.00357358
9950 0.00334896
9960 0.00336546
9970 0.00358476
9980 0.00447502
9990 0.00372626
10000 0.00351714
