0 0.00356788
1000 0.0032732
2000 0.00306352
3000 0.00323194
4000 0.00324554
5000 0.0034515
6000 0.0032752
7000 0.00330098
8000 0.00337104
9000 0.00341488
10000 0.00378698
11000 0.0034494
12000 0.00365916
13000 0.003408
14000 0.00368762
15000 0.00346684
16000 0.00371264
17000 0.00378166
18000 0.00378954
19000 0.00373822
20000 0.00371338
21000 0.00458204
22000 0.00403288
23000 0.00376174
24000 0.00373994
25000 0.0038352
26000 0.00375728
27000 0.0042166
28000 0.00375438
29000 0.00415498
30000 0.00391984
31000 0.00395288
32000 0.0043273
33000 0.0041468
34000 0.00415918
35000 0.0039536
36000 0.00395672
37000 0.0038896
38000 0.00379052
39000 0.00449458
40000 0.00397844
41000 0.00387008
42000 0.00402408
43000 0.00482024
44000 0.0044272
45000 0.00431932
46000 0.00449718
47000 0.00448248
48000 0.00410024
49000 0.00406244
50000 0.00404112
51000 0.00393058
52000 0.004185
53000 0.00413794
54000 0.00403364
55000 0.00415674
56000 0.00411444
57000 0.00625148
58000 0.00490168
59000 0.00485216
60000 0.00488818
61000 0.00428742
62000 0.00485602
63000 0.00436202
64000 0.00429078
65000 0.00442112
66000 0.00392556
67000 0.00445836
68000 0.00402076
69000 0.00430066
70000 0.00407814
71000 0.00395008
72000 0.00432948
73000 0.00410856
74000 0.0041148
75000 0.00434874
76000 0.00427464
77000 0.004117
78000 0.00406818
79000 0.0044269
80000 0.00416116
81000 0.00408678
82000 0.00426598
83000 0.004054
84000 0.00418486
85000 0.0045895
86000 0.00459646
87000 0.00408142
88000 0.00428926
89000 0.00433918
90000 0.004211
91000 0.0040688
92000 0.0049279
93000 0.0040897
94000 0.00416924
95000 0.0045268
96000 0.00412388
97000 0.00408912
98000 0.00408046
99000 0.00437986
100000 0.004832
101000 0.0043418
102000 0.0045489
103000 0.00500746
104000 0.00538696
105000 0.00454196
106000 0.00439982
107000 0.0046626
108000 0.00580608
109000 0.0043101
110000 0.00488098
111000 0.00440086
112000 0.00428958
113000 0.00475772
114000 0.00441594
115000 0.00503212
116000 0.00497552
117000 0.00538176
118000 0.0046643
119000 0.00488434
120000 0.00450834
121000 0.00453634
122000 0.00443742
123000 0.00432486
124000 0.00480594
125000 0.00471444
126000 0.00467812
127000 0.00482502
128000 0.0049166
129000 0.00443984
130000 0.00460714
131000 0.00457948
132000 0.00460452
133000 0.00531914
134000 0.004652
135000 0.00453816
136000 0.0044797
137000 0.00527284
138000 0.00466922
139000 0.0053541
140000 0.00467344
141000 0.00581058
142000 0.00572306
143000 0.00578256
144000 0.00668204
145000 0.00431048
146000 0.00422712
147000 0.00435662
148000 0.00457454
149000 0.0046445
150000 0.00470796
151000 0.00453262
152000 0.00458412
153000 0.00429626
154000 0.00493532
155000 0.0043105
156000 0.00447108
157000 0.00465824
158000 0.00459482
159000 0.00468504
160000 0.00448924
161000 0.00423822
162000 0.00416812
163000 0.00456454
164000 0.00426078
165000 0.00437456
166000 0.00593934
167000 0.00729922
168000 0.00475818
169000 0.00508628
170000 0.00487972
171000 0.00535704
172000 0.00440864
173000 0.00440072
174000 0.00436628
175000 0.00459756
176000 0.00442948
177000 0.00482146
178000 0.00495708
179000 0.00480814
180000 0.00468126
181000 0.00471016
182000 0.00466804
183000 0.00517474
184000 0.0050108
185000 0.00464996
186000 0.00507144
187000 0.0046054
188000 0.00451704
189000 0.004631
190000 0.00430434
191000 0.00437454
192000 0.00477356
193000 0.00484492
194000 0.00484338
195000 0.00518098
196000 0.0044886
197000 0.00436954
198000 0.00479092
199000 0.00457944
200000 0.00445064
201000 0.00474566
202000 0.00443844
203000 0.0045411
204000 0.00529204
205000 0.00519932
206000 0.00559358
207000 0.0052547
208000 0.00444808
209000 0.00475644
210000 0.0045813
211000 0.00441662
212000 0.00460954
213000 0.00461598
214000 0.00437264
215000 0.00491258
216000 0.00436312
217000 0.00433326
218000 0.00448076
219000 0.00452036
220000 0.00434796
221000 0.0046423
222000 0.00448386
223000 0.004515
224000 0.0045946
225000 0.0044737
226000 0.00452368
227000 0.0045542
228000 0.0048485
229000 0.00471212
230000 0.00457552
231000 0.00441084
232000 0.00441992
233000 0.00458398
234000 0.00460134
235000 0.00442692
236000 0.00448688
237000 0.00475968
238000 0.00440332
239000 0.00441364
240000 0.00477768
241000 0.00446712
242000 0.00460018
243000 0.00478244
244000 0.00457704
245000 0.00457084
246000 0.00472158
247000 0.00439828
248000 0.00446936
249000 0.00535048
250000 0.00461316
251000 0.00454114
252000 0.0048362
253000 0.00450186
254000 0.0044697
255000 0.00481026
256000 0.00447748
257000 0.00450054
258000 0.00477338
259000 0.00546898
260000 0.00451708
261000 0.00484776
262000 0.00454458
263000 0.00468794
264000 0.00488496
265000 0.00456416
266000 0.00454088
267000 0.00464314
268000 0.00458048
269000 0.0046197
270000 0.00482944
271000 0.0045985
272000 0.00450408
273000 0.00499962
274000 0.00463186
275000 0.0046007
276000 0.00489702
277000 0.00461584
278000 0.00461566
279000 0.00499252
280000 0.00522366
281000 0.0045353
282000 0.00510486
283000 0.00441918
284000 0.00478424
285000 0.00531842
286000 0.00452184
287000 0.00452
288000 0.00487654
289000 0.00466784
290000 0.00456634
291000 0.0047883
292000 0.00471566
293000 0.00465284
294000 0.00486864
295000 0.0046732
296000 0.00452942
297000 0.00492242
298000 0.00453316
299000 0.00454166
300000 0.004928
301000 0.00458546
302000 0.00506348
303000 0.00479284
304000 0.00464594
305000 0.00451128
306000 0.0046983
307000 0.00471484
308000 0.00458636
309000 0.00485622
310000 0.0045645
311000 0.0046146
312000 0.00482298
313000 0.00462636
314000 0.00457974
315000 0.00473748
316000 0.0046157
317000 0.00486598
318000 0.00471348
319000 0.00453878
320000 0.0046939
321000 0.00563164
322000 0.00569232
323000 0.00475338
324000 0.00452354
325000 0.00449602
326000 0.00483212
327000 0.0046169
328000 0.00461736
329000 0.00491626
330000 0.00469318
331000 0.00484192
332000 0.00494134
333000 0.00463936
334000 0.0046301
335000 0.0049625
336000 0.00455872
337000 0.00469468
338000 0.0048668
339000 0.00466344
340000 0.00470428
341000 0.00530092
342000 0.00458654
343000 0.0046039
344000 0.0050576
345000 0.00480756
346000 0.00512698
347000 0.00485056
348000 0.00453042
349000 0.00504672
350000 0.00464162
351000 0.00468042
352000 0.00491436
353000 0.00474764
354000 0.00488914
355000 0.00490982
356000 0.0047042
357000 0.0046427
358000 0.00497528
359000 0.0046273
360000 0.00486484
361000 0.0057812
362000 0.00575122
363000 0.00548684
364000 0.00512062
365000 0.00646986
366000 0.00593682
367000 0.00512536
368000 0.00507182
369000 0.00476056
370000 0.00481072
371000 0.00492608
372000 0.00487254
373000 0.00480928
374000 0.00499884
375000 0.00475088
376000 0.00473748
377000 0.005036
378000 0.00478742
379000 0.00471414
380000 0.00535718
381000 0.00482142
382000 0.0047573
383000 0.0053152
384000 0.00488748
385000 0.004952
386000 0.00481282
387000 0.0050631
388000 0.00494768
389000 0.00514824
390000 0.0053028
391000 0.0052134
392000 0.00505398
393000 0.00493786
394000 0.00486768
395000 0.0049231
396000 0.00515884
397000 0.0048554
398000 0.00477826
399000 0.00526082
400000 0.00574432
401000 0.0062474
402000 0.00548362
403000 0.00472604
404000 0.00494274
405000 0.00501084
406000 0.00482544
407000 0.00482374
408000 0.00487662
409000 0.00471278
410000 0.00489548
411000 0.00474378
412000 0.00475552
413000 0.0050504
414000 0.00486566
415000 0.0049347
416000 0.0048717
417000 0.0048615
418000 0.00477582
419000 0.00570674
420000 0.00481762
421000 0.004669
422000 0.00509616
423000 0.00475246
424000 0.00475782
425000 0.00498464
426000 0.00472758
427000 0.00471872
428000 0.00494108
429000 0.00494984
430000 0.00499194
431000 0.0049812
432000 0.0049573
433000 0.00561912
434000 0.00487516
435000 0.00474302
436000 0.00498438
437000 0.0047967
438000 0.0048088
439000 0.005912
440000 0.00507178
441000 0.00484236
442000 0.00538246
443000 0.0048163
444000 0.00482714
445000 0.00488302
446000 0.00479666
447000 0.00490398
448000 0.00488904
449000 0.00484622
450000 0.0050774
451000 0.00487898
452000 0.0047408
453000 0.00503278
454000 0.00467382
455000 0.00479202
456000 0.00507192
457000 0.00487492
458000 0.00486746
459000 0.00571224
460000 0.00477962
461000 0.00475258
462000 0.00513056
463000 0.00481424
464000 0.00480954
465000 0.00505608
466000 0.00469644
467000 0.0048311
468000 0.00514008
469000 0.00482422
470000 0.0049292
471000 0.00510682
472000 0.00486384
473000 0.00520386
474000 0.00488742
475000 0.00479916
476000 0.00517534
477000 0.00480142
478000 0.00480126
479000 0.00521066
480000 0.00483712
481000 0.00485538
482000 0.00512604
483000 0.00484334
484000 0.00489538
485000 0.00512768
486000 0.00481266
487000 0.00487322
488000 0.00509874
489000 0.00494794
490000 0.00492644
491000 0.0050198
492000 0.00489498
493000 0.00508098
494000 0.0049326
495000 0.00483996
496000 0.004995
497000 0.00501334
498000 0.00494996
499000 0.00562498
500000 0.00488726
501000 0.00502688
502000 0.0051725
503000 0.00500966
504000 0.0050933
505000 0.00487298
506000 0.00484232
507000 0.00513708
508000 0.00492734
509000 0.00534144
510000 0.00542996
511000 0.00492932
512000 0.00515336
513000 0.00499416
514000 0.00488006
515000 0.0049641
516000 0.00505264
517000 0.00497062
518000 0.00535086
519000 0.00479152
520000 0.00488498
521000 0.00512884
522000 0.00492758
523000 0.00479752
524000 0.00518368
525000 0.00494948
526000 0.00544924
527000 0.0048915
528000 0.0049986
529000 0.00527762
530000 0.0053023
531000 0.00571424
532000 0.00551854
533000 0.00582892
534000 0.00580062
535000 0.00511182
536000 0.00526034
537000 0.00668882
538000 0.00564752
539000 0.00551556
540000 0.00534498
541000 0.0052811
542000 0.00516598
543000 0.00502478
544000 0.00515774
545000 0.0051748
546000 0.0049102
547000 0.00569734
548000 0.00507094
549000 0.00488182
550000 0.005158
551000 0.0050768
552000 0.00482552
553000 0.00517968
554000 0.00499392
555000 0.00498126
556000 0.00540842
557000 0.00489758
558000 0.005295
559000 0.00494782
560000 0.00492074
561000 0.00515376
562000 0.00500324
563000 0.00500242
564000 0.00514248
565000 0.00517144
566000 0.00502024
567000 0.00497644
568000 0.00492896
569000 0.00505636
570000 0.00503186
571000 0.00490506
572000 0.00516098
573000 0.00496498
574000 0.00497068
575000 0.00569162
576000 0.00592402
577000 0.00592308
578000 0.0051881
579000 0.00491224
580000 0.00534068
581000 0.00484742
582000 0.00485758
583000 0.00524586
584000 0.00499162
585000 0.00495216
586000 0.00548416
587000 0.00498002
588000 0.005005
589000 0.0051106
590000 0.0049484
591000 0.00509928
592000 0.00534818
593000 0.00494252
594000 0.0064964
595000 0.00502496
596000 0.00502196
597000 0.00509106
598000 0.00506442
599000 0.00521496
600000 0.00498412
601000 0.00500664
602000 0.00513772
603000 0.00499028
604000 0.00495634
605000 0.00532982
606000 0.00501328
607000 0.00514824
608000 0.0052041
609000 0.00501224
610000 0.00512322
611000 0.00497748
612000 0.00496898
613000 0.0057323
614000 0.0049874
615000 0.00516562
616000 0.00529624
617000 0.005105
618000 0.00495972
619000 0.005741
620000 0.00532352
621000 0.0056247
622000 0.0053019
623000 0.00542904
624000 0.0053089
625000 0.00498154
626000 0.00501256
627000 0.00530794
628000 0.00500556
629000 0.00548798
630000 0.00542764
631000 0.00515248
632000 0.00638212
633000 0.00523588
634000 0.00532478
635000 0.00562328
636000 0.00546102
637000 0.00568136
638000 0.00498798
639000 0.00510576
640000 0.0056607
641000 0.00564618
642000 0.0054233
643000 0.00511226
644000 0.00531232
645000 0.0052301
646000 0.00506246
647000 0.00536882
648000 0.00521772
649000 0.0053607
650000 0.0055003
651000 0.00542956
652000 0.00687246
653000 0.00686618
654000 0.00605194
655000 0.00599598
656000 0.0064043
657000 0.00595364
658000 0.0061794
659000 0.0051303
660000 0.00514766
661000 0.00568326
662000 0.00573916
663000 0.00591272
664000 0.0056285
665000 0.00560922
666000 0.00578976
667000 0.00543574
668000 0.00632836
669000 0.00557318
670000 0.00544074
671000 0.00524762
672000 0.00541432
673000 0.0054365
674000 0.00539096
675000 0.0051998
676000 0.00542246
677000 0.00529612
678000 0.00503162
679000 0.0052248
680000 0.0053636
681000 0.00551572
682000 0.00546052
683000 0.00516572
684000 0.00550176
685000 0.00519136
686000 0.00525176
687000 0.00540034
688000 0.00531252
689000 0.00536472
690000 0.0051579
691000 0.00505986
692000 0.00527656
693000 0.00521156
694000 0.00533726
695000 0.0051595
696000 0.00527562
697000 0.00569342
698000 0.00540522
699000 0.00554422
700000 0.00529416
701000 0.00578878
702000 0.00650308
703000 0.0052508
704000 0.00566676
705000 0.00524508
706000 0.0053342
707000 0.00574096
708000 0.00551642
709000 0.0054422
710000 0.0055246
711000 0.00514356
712000 0.0053635
713000 0.00532482
714000 0.00515966
715000 0.00537158
716000 0.00514508
717000 0.00508934
718000 0.00535782
719000 0.00526882
720000 0.00511436
721000 0.00530666
722000 0.0050672
723000 0.00515622
724000 0.00530476
725000 0.00500938
726000 0.00526132
727000 0.00509706
728000 0.00512994
729000 0.00563148
730000 0.00517234
731000 0.00530272
732000 0.00516218
733000 0.00526226
734000 0.00531396
735000 0.0050929
736000 0.00508316
737000 0.0053715
738000 0.00514708
739000 0.0053988
740000 0.00523408
741000 0.00529818
742000 0.00559964
743000 0.00506874
744000 0.00514644
745000 0.0052669
746000 0.0052677
747000 0.0053719
748000 0.0050879
749000 0.0050895
750000 0.00536044
751000 0.0049948
752000 0.00509134
753000 0.0053358
754000 0.00512228
755000 0.0050696
756000 0.00531202
757000 0.00510432
758000 0.00534098
759000 0.00536722
760000 0.0050866
761000 0.00581048
762000 0.00510628
763000 0.00510184
764000 0.0053926
765000 0.00513308
766000 0.0052029
767000 0.00544272
768000 0.00517824
769000 0.00545
770000 0.00519652
771000 0.00509356
772000 0.0058029
773000 0.00507884
774000 0.00525094
775000 0.00509388
776000 0.00500428
777000 0.0057048
778000 0.00511742
779000 0.0050827
780000 0.00524186
781000 0.00509454
782000 0.00512456
783000 0.00538076
784000 0.00510266
785000 0.00524044
786000 0.0053114
787000 0.00515352
788000 0.00539326
789000 0.00510828
790000 0.00513678
791000 0.00530142
792000 0.00498054
793000 0.00528978
794000 0.00515108
795000 0.00506966
796000 0.00582456
797000 0.00514494
798000 0.00505368
799000 0.00545578
800000 0.00515228
801000 0.00530032
802000 0.00517494
803000 0.00519474
804000 0.00538146
805000 0.00506982
806000 0.00508358
807000 0.00537428
808000 0.00513692
809000 0.00509478
810000 0.00528394
811000 0.00513736
812000 0.00526998
813000 0.00542064
814000 0.00511936
815000 0.00570804
816000 0.00513004
817000 0.00518206
818000 0.00526812
819000 0.00519628
820000 0.00530096
821000 0.00505046
822000 0.00519016
823000 0.00536888
824000 0.00514182
825000 0.00517292
826000 0.00561502
827000 0.0051444
828000 0.00531214
829000 0.00524222
830000 0.0052856
831000 0.00533936
832000 0.0052279
833000 0.00540014
834000 0.00550794
835000 0.0051277
836000 0.00565916
837000 0.00512668
838000 0.00512098
839000 0.00539216
840000 0.005185
841000 0.0051079
842000 0.0054301
843000 0.00517814
844000 0.00521396
845000 0.0052178
846000 0.0051529
847000 0.00535094
848000 0.00516566
849000 0.00516148
850000 0.00536214
851000 0.00518906
852000 0.00597792
853000 0.00545206
854000 0.00520688
855000 0.00555022
856000 0.00512044
857000 0.00511114
858000 0.00532496
859000 0.00518214
860000 0.00551044
861000 0.00513428
862000 0.0074545
863000 0.00544678
864000 0.00520956
865000 0.00546032
866000 0.00519736
867000 0.00521976
868000 0.00527794
869000 0.00519792
870000 0.00537314
871000 0.0052081
872000 0.0053314
873000 0.00559286
874000 0.00517186
875000 0.0051563
876000 0.00563882
877000 0.0052152
878000 0.0055101
879000 0.00511552
880000 0.0051541
881000 0.00557112
882000 0.0052934
883000 0.00516138
884000 0.00534322
885000 0.005212
886000 0.0053705
887000 0.00512238
888000 0.0052392
889000 0.0056795
890000 0.0053287
891000 0.0053935
892000 0.00557574
893000 0.00524032
894000 0.00534662
895000 0.00518756
896000 0.00516936
897000 0.00548884
898000 0.00548678
899000 0.00525294
900000 0.00519038
901000 0.00517166
902000 0.00531308
903000 0.00530116
904000 0.00533618
905000 0.00556256
906000 0.00525454
907000 0.00513466
908000 0.00538766
909000 0.00519308
910000 0.00550014
911000 0.00514854
912000 0.00524158
913000 0.00535062
914000 0.00520974
915000 0.00514242
916000 0.00534212
917000 0.00536308
918000 0.0055142
919000 0.00532514
920000 0.00519836
921000 0.00551184
922000 0.0051347
923000 0.00538242
924000 0.00534086
925000 0.00521978
926000 0.00586108
927000 0.00515986
928000 0.00523374
929000 0.00574324
930000 0.00548008
931000 0.00527474
932000 0.00525652
933000 0.00524176
934000 0.00537834
935000 0.00521764
936000 0.00530488
937000 0.00517926
938000 0.0052874
939000 0.00534828
940000 0.00520692
941000 0.00523344
942000 0.0055046
943000 0.00520078
944000 0.00537324
945000 0.00540592
946000 0.00528044
947000 0.0054017
948000 0.0054758
949000 0.00517018
950000 0.00585698
951000 0.00513806
952000 0.00519368
953000 0.00531952
954000 0.00584674
955000 0.00547192
956000 0.00541292
957000 0.00533984
958000 0.00546496
959000 0.00527242
960000 0.00530398
961000 0.00536556
962000 0.00539558
963000 0.00583982
964000 0.00521118
965000 0.00512238
966000 0.00567234
967000 0.0052505
968000 0.00545562
969000 0.00543196
970000 0.00524984
971000 0.00539818
972000 0.00535812
973000 0.00522216
974000 0.00554754
975000 0.00525042
976000 0.00551766
977000 0.00531184
978000 0.00528842
979000 0.00550412
980000 0.00545362
981000 0.0062068
982000 0.0058584
983000 0.00528572
984000 0.00538842
985000 0.0052294
986000 0.00542938
987000 0.0054586
988000 0.00520258
989000 0.00557956
990000 0.00531342
991000 0.00530536
992000 0.00534874
993000 0.0052689
994000 0.00547976
995000 0.00538644
996000 0.00521994
997000 0.00546948
998000 0.0051283
999000 0.00512692
1000000 0.0056815
