0 0.00119162
10 0.0013603
20 0.00169048
30 0.00160098
40 0.00151788
50 0.00173406
60 0.00211394
70 0.0017676
80 0.0027008
90 0.00256084
100 0.00195744
110 0.00239516
120 0.00269464
130 0.00196452
140 0.00222706
150 0.00255476
160 0.00299672
170 0.00213426
180 0.0027225
190 0.00210458
200 0.00279994
210 0.0030106
220 0.00298458
230 0.00334732
240 0.00262862
250 0.00274186
260 0.00283756
270 0.00281038
280 0.00337504
290 0.0029975
300 0.0033794
310 0.00344162
320 0.00336874
330 0.00336394
340 0.00317412
350 0.00297446
360 0.00329644
370 0.00346356
380 0.00336804
390 0.0032475
400 0.00269698
410 0.00314512
420 0.00290218
430 0.00272602
440 0.00292556
450 0.00309192
460 0.00281962
470 0.00258968
480 0.00251304
490 0.0026399
500 0.00247656
510 0.00263678
520 0.00357304
530 0.0028188
540 0.0025599
550 0.00256792
560 0.0031617
570 0.00329394
580 0.00294092
590 0.00266672
600 0.00234896
610 0.00246068
620 0.00246276
630 0.002615
640 0.00245858
650 0.00255464
660 0.00268402
670 0.00281344
680 0.00259274
690 0.00308326
700 0.0027816
710 0.00243618
720 0.0028224
730 0.00374174
740 0.00286056
750 0.0028888
760 0.00254634
770 0.00249578
780 0.00261504
790 0.00247124
800 0.002781
810 0.00254458
820 0.00257914
830 0.00258328
840 0.00266984
850 0.00303182
860 0.00291682
870 0.00256862
880 0.00252832
890 0.00276832
900 0.00246246
910 0.0026395
920 0.00323462
930 0.00260958
940 0.0025139
950 0.00247456
960 0.00247618
970 0.00296774
980 0.00263406
990 0.00255184
1000 0.00255072
1010 0.002526
1020 0.00254564
1030 0.00289418
1040 0.0025862
1050 0.00260112
1060 0.00259634
1070 0.00286602
1080 0.002722
1090 0.00273472
1100 0.003306
1110 0.00259668
1120 0.002543
1130 0.0025944
1140 0.00270354
1150 0.0033485
1160 0.0026944
1170 0.0028179
1180 0.00382422
1190 0.0039006
1200 0.00427606
1210 0.0031457
1220 0.00266128
1230 0.00253884
1240 0.00253826
1250 0.00277182
1260 0.00276914
1270 0.00266138
1280 0.00261022
1290 0.0028118
1300 0.00259326
1310 0.0028171
1320 0.00273568
1330 0.00263814
1340 0.00262492
1350 0.002748
1360 0.00266366
1370 0.00275632
1380 0.00297178
1390 0.00331156
1400 0.0029063
1410 0.00354976
1420 0.00431888
1430 0.0035546
1440 0.0032348
1450 0.00267702
1460 0.00289514
1470 0.00294704
1480 0.00269066
1490 0.00295194
1500 0.00333618
1510 0.0057476
1520 0.00365288
1530 0.00300278
1540 0.00272342
1550 0.0026645
1560 0.00275632
1570 0.00346112
1580 0.00272028
1590 0.0027065
1600 0.00313934
1610 0.0027686
1620 0.00284408
1630 0.0030219
1640 0.00327696
1650 0.00280464
1660 0.00279142
1670 0.00337636
1680 0.00294138
1690 0.00332752
1700 0.00273052
1710 0.0028536
1720 0.0027693
1730 0.00389374
1740 0.00303614
1750 0.00294174
1760 0.00300176
1770 0.00333954
1780 0.00315174
1790 0.00322172
1800 0.00301632
1810 0.0030462
1820 0.00359348
1830 0.00297434
1840 0.00284006
1850 0.0028766
1860 0.00283218
1870 0.00384696
1880 0.00302544
1890 0.00314612
1900 0.0103671
1910 0.00384548
1920 0.0029515
1930 0.00350196
1940 0.00298082
1950 0.00298802
1960 0.00326414
1970 0.00283356
1980 0.00291234
1990 0.00283082
2000 0.00297518
2010 0.00322938
2020 0.00327204
2030 0.00277944
2040 0.00286432
2050 0.0028379
2060 0.00316624
2070 0.00316952
2080 0.0033056
2090 0.00295828
2100 0.00310964
2110 0.00346612
2120 0.00320114
2130 0.00296764
2140 0.00340538
2150 0.00285846
2160 0.00339852
2170 0.0029153
2180 0.0028847
2190 0.00272978
2200 0.00270412
2210 0.0027218
2220 0.00286242
2230 0.00263636
2240 0.00275408
2250 0.00270054
2260 0.00270868
2270 0.00281172
2280 0.0033948
2290 0.00320746
2300 0.00300424
2310 0.00274212
2320 0.00275614
2330 0.00302148
2340 0.00274456
2350 0.00272436
2360 0.00278306
2370 0.00282304
2380 0.00280792
2390 0.00302746
2400 0.00280232
2410 0.00303248
2420 0.0027669
2430 0.00272184
2440 0.0028891
2450 0.00281996
2460 0.00287132
2470 0.00281454
2480 0.00295522
2490 0.00272816
2500 0.00307334
2510 0.00284716
2520 0.00275126
2530 0.00278634
2540 0.0027091
2550 0.0029623
2560 0.0029306
2570 0.00274936
2580 0.00286446
2590 0.0028721
2600 0.0028228
2610 0.00334124
2620 0.00288494
2630 0.00294014
2640 0.00291488
2650 0.00283866
2660 0.00316786
2670 0.00308592
2680 0.00313506
2690 0.0030094
2700 0.00302488
2710 0.00317932
2720 0.0030736
2730 0.00298112
2740 0.00292436
2750 0.0028495
2760 0.00299698
2770 0.00321096
2780 0.00306862
2790 0.00319632
2800 0.00320982
2810 0.00320086
2820 0.00335918
2830 0.00305696
2840 0.0030472
2850 0.00312278
2860 0.00342668
2870 0.00306042
2880 0.0031896
2890 0.00325676
2900 0.00299324
2910 0.00314882
2920 0.00304522
2930 0.00302958
2940 0.0032399
2950 0.00304574
2960 0.00299284
2970 0.0031295
2980 0.00303352
2990 0.00302322
3000 0.00303468
3010 0.00295656
3020 0.00336984
3030 0.00313128
3040 0.00288164
3050 0.00298946
3060 0.00300882
3070 0.00311104
3080 0.00304316
3090 0.0028226
3100 0.00286644
3110 0.003065
3120 0.00282522
3130 0.00317932
3140 0.00314384
3150 0.00298426
3160 0.00279402
3170 0.002849
3180 0.00329982
3190 0.00309566
3200 0.00292174
3210 0.00288388
3220 0.0028308
3230 0.00284268
3240 0.00296362
3250 0.00284444
3260 0.00289018
3270 0.0028643
3280 0.002811
3290 0.00307778
3300 0.00284432
3310 0.00273458
3320 0.00281436
3330 0.00299408
3340 0.00299552
3350 0.00304386
3360 0.00285116
3370 0.00278732
3380 0.00286462
3390 0.00279918
3400 0.00321992
3410 0.00294258
3420 0.002801
3430 0.00288928
3440 0.0028165
3450 0.00293456
3460 0.0031274
3470 0.00302472
3480 0.00298666
3490 0.002862
3500 0.00285916
3510 0.00310326
3520 0.00297328
3530 0.00284336
3540 0.0028892
3550 0.00295968
3560 0.00294728
3570 0.00313494
3580 0.00286378
3590 0.00294724
3600 0.00288406
3610 0.00290018
3620 0.00315766
3630 0.00304614
3640 0.00308736
3650 0.00294184
3660 0.00297542
3670 0.00293072
3680 0.00328044
3690 0.00309726
3700 0.0029777
3710 0.00305078
3720 0.00318162
3730 0.00349914
3740 0.00324432
3750 0.00322648
3760 0.0030318
3770 0.00286562
3780 0.00313396
3790 0.0028595
3800 0.00282914
3810 0.00333418
3820 0.0029244
3830 0.0030383
3840 0.00301644
3850 0.0029275
3860 0.00292306
3870 0.00295204
3880 0.00318454
3890 0.00328868
3900 0.00327664
3910 0.0031901
3920 0.00342286
3930 0.00330992
3940 0.00305516
3950 0.0029818
3960 0.00293152
3970 0.00288028
3980 0.00298592
3990 0.00328276
4000 0.00297988
4010 0.00304202
4020 0.0032128
4030 0.00322148
4040 0.00325134
4050 0.00328818
4060 0.00326592
4070 0.00328394
4080 0.00329194
4090 0.003212
4100 0.00348014
4110 0.00317144
4120 0.00332592
4130 0.00343696
4140 0.0033342
4150 0.0029445
4160 0.00291072
4170 0.00294468
4180 0.0029756
4190 0.00439148
4200 0.00389332
4210 0.0034867
4220 0.0033641
4230 0.00360962
4240 0.00309018
4250 0.00304826
4260 0.00299928
4270 0.0030225
4280 0.00334212
4290 0.00306212
4300 0.00306802
4310 0.00296716
4320 0.00328
4330 0.00345668
4340 0.00308664
4350 0.00334146
4360 0.0033535
4370 0.00343462
4380 0.00341996
4390 0.0034031
4400 0.00461208
4410 0.00415478
4420 0.00340276
4430 0.00338698
4440 0.00319506
4450 0.0033882
4460 0.00340668
4470 0.00323
4480 0.00318666
4490 0.00353752
4500 0.00338774
4510 0.0036235
4520 0.00326396
4530 0.00332642
4540 0.00391038
4550 0.00429132
4560 0.00382044
4570 0.0033862
4580 0.00358724
4590 0.0035942
4600 0.0034003
4610 0.00327726
4620 0.0038835
4630 0.00358006
4640 0.0032991
4650 0.00306672
4660 0.00327732
4670 0.00330498
4680 0.00312808
4690 0.00335834
4700 0.00304128
4710 0.0031952
4720 0.00331542
4730 0.00377984
4740 0.0035424
4750 0.00351868
4760 0.00349564
4770 0.0036823
4780 0.00348018
4790 0.0034912
4800 0.00326604
4810 0.00315812
4820 0.00326964
4830 0.00336914
4840 0.00301526
4850 0.00307124
4860 0.00311416
4870 0.002903
4880 0.00333494
4890 0.00319422
4900 0.00299188
4910 0.00333308
4920 0.00315168
4930 0.00328126
4940 0.0030191
4950 0.00329166
4960 0.00302842
4970 0.0032239
4980 0.00344214
4990 0.00321496
5000 0.003333
5010 0.0033199
5020 0.00333508
5030 0.00325574
5040 0.0032428
5050 0.00314222
5060 0.00322878
5070 0.00353032
5080 0.00318226
5090 0.00318736
5100 0.0032209
5110 0.00343752
5120 0.0036233
5130 0.00311404
5140 0.00312034
5150 0.00329004
5160 0.00322398
5170 0.00332422
5180 0.00325266
5190 0.0032104
5200 0.0030924
5210 0.00317374
5220 0.00350786
5230 0.0031102
5240 0.00339038
5250 0.00314978
5260 0.00314584
5270 0.00338798
5280 0.00318084
5290 0.00311654
5300 0.00337208
5310 0.003173
5320 0.00323596
5330 0.00318006
5340 0.00333388
5350 0.00313118
5360 0.00349182
5370 0.0031995
5380 0.00316124
5390 0.00335212
5400 0.0032061
5410 0.00347504
5420 0.00338764
5430 0.00315792
5440 0.00315164
5450 0.00310186
5460 0.00351942
5470 0.00408098
5480 0.00339148
5490 0.00328394
5500 0.00320622
5510 0.00357844
5520 0.00320536
5530 0.00339072
5540 0.00314646
5550 0.00329738
5560 0.00328394
5570 0.00324962
5580 0.00319832
5590 0.00338952
5600 0.00334584
5610 0.00322482
5620 0.0033457
5630 0.0032739
5640 0.00317694
5650 0.00345716
5660 0.00333506
5670 0.0032416
5680 0.00314194
5690 0.0034155
5700 0.00346794
5710 0.00332684
5720 0.00336326
5730 0.0031952
5740 0.00333206
5750 0.00337088
5760 0.00340278
5770 0.00331288
5780 0.00319452
5790 0.00337702
5800 0.00449576
5810 0.0034413
5820 0.00334632
5830 0.0032129
5840 0.0033232
5850 0.00317502
5860 0.00343284
5870 0.0032006
5880 0.00343426
5890 0.00340542
5900 0.00319414
5910 0.00321964
5920 0.00318682
5930 0.00343732
5940 0.00341444
5950 0.00323996
5960 0.00324056
5970 0.00315956
5980 0.00335706
5990 0.00339232
6000 0.00329088
6010 0.00321714
6020 0.00327296
6030 0.00339756
6040 0.00331602
6050 0.00332726
6060 0.00318116
6070 0.00320624
6080 0.00338876
6090 0.00323152
6100 0.00343366
6110 0.00349032
6120 0.00332474
6130 0.003692
6140 0.00315144
6150 0.00329908
6160 0.0032667
6170 0.00351208
6180 0.00327036
6190 0.00320954
6200 0.00324634
6210 0.00324414
6220 0.00352504
6230 0.00327324
6240 0.00314944
6250 0.00325534
6260 0.00314682
6270 0.00352246
6280 0.00339278
6290 0.00314168
6300 0.00325004
6310 0.00316928
6320 0.00350476
6330 0.00333862
6340 0.00393722
6350 0.00338408
6360 0.00359662
6370 0.00339504
6380 0.00324294
6390 0.00339802
6400 0.00332464
6410 0.00371178
6420 0.00320224
6430 0.00312424
6440 0.0030814
6450 0.00325682
6460 0.0034147
6470 0.0033424
6480 0.00315306
6490 0.00318212
6500 0.00312088
6510 0.00356688
6520 0.00307328
6530 0.00317362
6540 0.00314192
6550 0.0030828
6560 0.00334582
6570 0.0035071
6580 0.00323614
6590 0.0032359
6600 0.00331866
6610 0.00327046
6620 0.00319946
6630 0.0032904
6640 0.00331992
6650 0.00344914
6660 0.00323356
6670 0.00321578
6680 0.00315248
6690 0.00352418
6700 0.00375452
6710 0.00351938
6720 0.00343948
6730 0.00341512
6740 0.00363042
6750 0.00403396
6760 0.00335034
6770 0.00344878
6780 0.00327478
6790 0.00331918
6800 0.0038009
6810 0.0033029
6820 0.00332232
6830 0.0031761
6840 0.00357576
6850 0.0035951
6860 0.00330544
6870 0.00342474
6880 0.00345784
6890 0.00374864
6900 0.00348372
6910 0.00352982
6920 0.00330354
6930 0.00369128
6940 0.00355322
6950 0.00340038
6960 0.0032814
6970 0.00326742
6980 0.00357784
6990 0.0033997
7000 0.00312472
7010 0.00312146
7020 0.00337294
7030 0.0034799
7040 0.0038726
7050 0.0033978
7060 0.0030747
7070 0.00360686
7080 0.00366296
7090 0.00313988
7100 0.00327462
7110 0.00321232
7120 0.00339398
7130 0.00325194
7140 0.00314582
7150 0.00317416
7160 0.00319584
7170 0.00335066
7180 0.0032341
7190 0.00315966
7200 0.00308494
7210 0.0031625
7220 0.00331508
7230 0.0032518
7240 0.0032912
7250 0.00313726
7260 0.00313628
7270 0.00349866
7280 0.00318286
7290 0.00327486
7300 0.00323066
7310 0.00308802
7320 0.00333602
7330 0.00313774
7340 0.00319178
7350 0.00327688
7360 0.00338012
7370 0.00340126
7380 0.00328588
7390 0.00318928
7400 0.00346968
7410 0.00352924
7420 0.00346134
7430 0.00332008
7440 0.00354142
7450 0.00360332
7460 0.0035464
7470 0.00372524
7480 0.0035953
7490 0.00325794
7500 0.00347592
7510 0.00347458
7520 0.00323598
7530 0.0033331
7540 0.00322334
7550 0.003227
7560 0.00342696
7570 0.00322036
7580 0.00328688
7590 0.0031934
7600 0.00333306
7610 0.00342022
7620 0.00319818
7630 0.00338222
7640 0.00316316
7650 0.00317884
7660 0.00336154
7670 0.00317278
7680 0.00318722
7690 0.00314526
7700 0.0031383
7710 0.0034928
7720 0.00325596
7730 0.00317644
7740 0.00350976
7750 0.00312948
7760 0.00344792
7770 0.00320792
7780 0.00323366
7790 0.0030996
7800 0.0032982
7810 0.00394936
7820 0.00321206
7830 0.00323944
7840 0.0030719
7850 0.00333036
7860 0.00347262
7870 0.0032015
7880 0.00330706
7890 0.00321958
7900 0.00339392
7910 0.00322886
7920 0.00316702
7930 0.00323764
7940 0.00320368
7950 0.00359118
7960 0.00433224
7970 0.00484956
7980 0.00370522
7990 0.00362752
8000 0.00335398
8010 0.00313556
8020 0.00319108
8030 0.0033736
8040 0.00337188
8050 0.00323562
8060 0.00322646
8070 0.00318746
8080 0.00301518
8090 0.0037055
8100 0.00315908
8110 0.00301514
8120 0.00303128
8130 0.00302118
8140 0.00344464
8150 0.00310566
8160 0.0030768
8170 0.00331104
8180 0.00440878
8190 0.0057723
8200 0.00352402
8210 0.00329994
8220 0.00316392
8230 0.00338012
8240 0.00325508
8250 0.00321034
8260 0.00320892
8270 0.00317094
8280 0.00332854
8290 0.00326844
8300 0.00340638
8310 0.00413298
8320 0.00505202
8330 0.0039726
8340 0.00344348
8350 0.0032509
8360 0.0032017
8370 0.00335564
8380 0.00322522
8390 0.00341506
8400 0.00314784
8410 0.0032184
8420 0.00362038
8430 0.00340174
8440 0.00323836
8450 0.00328002
8460 0.0032753
8470 0.00371712
8480 0.00317284
8490 0.00317756
8500 0.0030702
8510 0.00345218
8520 0.00338634
8530 0.00310644
8540 0.00327586
8550 0.00310312
8560 0.00351924
8570 0.00413442
8580 0.00542616
8590 0.0034678
8600 0.00365938
8610 0.00320472
8620 0.0031825
8630 0.0032447
8640 0.00319574
8650 0.00364704
8660 0.00349762
8670 0.00322538
8680 0.00334368
8690 0.0036956
8700 0.00357964
8710 0.0035008
8720 0.00334306
8730 0.00338804
8740 0.00365048
8750 0.00329558
8760 0.0033376
8770 0.0036383
8780 0.0040335
8790 0.00367906
8800 0.00351384
8810 0.00344566
8820 0.00377718
8830 0.00359458
8840 0.00330844
8850 0.0034225
8860 0.00329904
8870 0.00357388
8880 0.0034645
8890 0.0033834
8900 0.00389802
8910 0.00343556
8920 0.00342036
8930 0.0035355
8940 0.00331984
8950 0.00380542
8960 0.00420482
8970 0.00390158
8980 0.00345442
8990 0.00348932
9000 0.00377618
9010 0.00350238
9020 0.00342714
9030 0.00327782
9040 0.00331162
9050 0.00353558
9060 0.00344294
9070 0.00354964
9080 0.00379486
9090 0.00424324
9100 0.0036987
9110 0.00352374
9120 0.00346438
9130 0.00372644
9140 0.00353796
9150 0.0036244
9160 0.00344058
9170 0.00342468
9180 0.00366062
9190 0.00352622
9200 0.00330518
9210 0.00326128
9220 0.00383232
9230 0.00365926
9240 0.00359612
9250 0.00355974
9260 0.00368042
9270 0.00346054
9280 0.00357828
9290 0.00409284
9300 0.0036931
9310 0.0036884
9320 0.0035858
9330 0.00347066
9340 0.00331564
9350 0.00362074
9360 0.00395988
9370 0.00373024
9380 0.00344416
9390 0.00436752
9400 0.0035443
9410 0.00363604
9420 0.0036473
9430 0.00361194
9440 0.00359214
9450 0.00341826
9460 0.00331428
9470 0.0032522
9480 0.00355082
9490 0.00329638
9500 0.00349768
9510 0.00327174
9520 0.0033539
9530 0.00386356
9540 0.00347526
9550 0.00363998
9560 0.00337678
9570 0.00369044
9580 0.00339364
9590 0.00340876
9600 0.00349866
9610 0.00347738
9620 0.00358056
9630 0.00341368
9640 0.0033125
9650 0.00335048
9660 0.0033373
9670 0.00365552
9680 0.00329364
9690 0.00338364
9700 0.003312
9710 0.00356344
9720 0.0035613
9730 0.00333644
9740 0.0033778
9750 0.0036901
9760 0.00400556
9770 0.00344322
9780 0.00351592
9790 0.0034813
9800 0.0036815
9810 0.00345304
9820 0.00356968
9830 0.0035566
9840 0.0035446
9850 0.00340176
9860 0.00333612
9870 0.00344418
9880 0.00403132
9890 0.00365018
9900 0.00338644
9910 0.00348024
9920 0.00336674
9930 0.00381936
9940 0.00344902
9950 0.00339526
9960 0.0033603
9970 0.00349662
9980 0.00412932
9990 0.00365686
10000 0.00350702
